384 1001
119 1002
31 1003
207 1004
178 1005
386 1006
146 1007
306 1008
129 1009
54 1010
277 1011
74 1012
154 1013
106 1014
81 1015
66 1016
29 1017
1 1018
126 1019
122 1020
48 1021
594 1022
82 1023
289 1024
2 1025
269 1026
22 1027
151 1028
27 1029
61 1030
80 1031
379 1032
136 1033
426 1034
299 1035
113 1036
67 1037
15 1038
221 1039
69 1040
412 1041
30 1042
471 1043
309 1044
296 1045
7 1046
408 1047
71 1048
680 1049
452 1050
425 1051
272 1052
187 1053
65 1054
456 1055
241 1056
305 1057
238 1058
93 1059
387 1060
35 1061
259 1062
367 1063
341 1064
413 1065
155 1066
120 1067
369 1068
310 1069
3 1070
174 1071
302 1072
453 1073
214 1074
314 1075
143 1076
190 1077
84 1078
608 1079
604 1080
464 1081
251 1082
211 1083
153 1084
52 1085
9 1086
42 1087
274 1088
127 1089
636 1090
389 1091
116 1092
79 1093
58 1094
235 1095
188 1096
4 1097
60 1098
47 1099
163 1100
18 1101
257 1102
327 1103
145 1104
469 1105
101 1106
85 1107
96 1108
261 1109
557 1110
349 1111
33 1112
5 1113
262 1114
530 1115
88 1116
789 1117
506 1118
63 1119
192 1120
356 1121
282 1122
147 1123
32 1124
333 1125
6 1126
711 1127
26 1128
103 1129
827 1130
75 1131
111 1132
19 1133
132 1134
64 1135
475 1136
162 1137
78 1138
128 1139
429 1140
307 1141
92 1142
76 1143
534 1144
626 1145
417 1146
56 1147
196 1148
478 1149
124 1150
68 1151
494 1152
344 1153
21 1154
512 1155
87 1156
317 1157
123 1158
416 1159
17 1160
444 1161
472 1162
781 1163
603 1164
323 1165
617 1166
57 1167
354 1168
649 1169
744 1170
432 1171
324 1172
271 1173
8 1174
181 1175
283 1176
34 1177
232 1178
245 1179
50 1180
197 1181
14 1182
121 1183
28 1184
330 1185
345 1186
37 1187
407 1188
107 1189
442 1190
438 1191
202 1192
320 1193
180 1194
420 1195
339 1196
220 1197
223 1198
288 1199
44 1200
104 1201
209 1202
186 1203
364 1204
191 1205
227 1206
243 1207
152 1208
171 1209
360 1210
366 1211
644 1212
455 1213
285 1214
114 1215
10 1216
381 1217
813 1218
315 1219
395 1220
476 1221
11 1222
105 1223
742 1224
640 1225
826 1226
281 1227
266 1228
753 1229
819 1230
250 1231
684 1232
481 1233
629 1234
46 1235
532 1236
301 1237
518 1238
157 1239
12 1240
343 1241
293 1242
62 1243
73 1244
465 1245
77 1246
538 1247
499 1248
138 1249
596 1250
100 1251
38 1252
208 1253
394 1254
148 1255
108 1256
230 1257
137 1258
13 1259
142 1260
242 1261
53 1262
562 1263
355 1264
229 1265
185 1266
255 1267
246 1268
254 1269
167 1270
168 1271
270 1272
160 1273
225 1274
20 1275
83 1276
273 1277
95 1278
252 1279
175 1280
90 1281
264 1282
204 1283
219 1284
24 1285
72 1286
156 1287
16 1288
205 1289
422 1290
125 1291
70 1292
193 1293
278 1294
133 1295
36 1296
440 1297
224 1298
40 1299
183 1300
414 1301
567 1302
194 1303
313 1304
396 1305
94 1306
462 1307
849 1308
610 1309
200 1310
226 1311
144 1312
730 1313
473 1314
435 1315
297 1316
728 1317
340 1318
470 1319
41 1320
59 1321
418 1322
693 1323
347 1324
736 1325
228 1326
563 1327
430 1328
212 1329
409 1330
97 1331
378 1332
485 1333
256 1334
247 1335
447 1336
267 1337
98 1338
963 1339
216 1340
765 1341
672 1342
579 1343
372 1344
352 1345
466 1346
213 1347
402 1348
179 1349
318 1350
198 1351
275 1352
182 1353
43 1354
206 1355
321 1356
479 1357
554 1358
294 1359
516 1360
507 1361
527 1362
322 1363
659 1364
536 1365
448 1366
519 1367
115 1368
400 1369
164 1370
500 1371
403 1372
547 1373
45 1374
792 1375
710 1376
578 1377
377 1378
280 1379
239 1380
357 1381
838 1382
585 1383
531 1384
496 1385
727 1386
771 1387
597 1388
609 1389
189 1390
787 1391
437 1392
591 1393
588 1394
308 1395
521 1396
682 1397
217 1398
110 1399
169 1400
176 1401
91 1402
338 1403
300 1404
260 1405
329 1406
439 1407
797 1408
172 1409
109 1410
161 1411
298 1412
218 1413
380 1414
265 1415
184 1416
732 1417
552 1418
695 1419
382 1420
303 1421
332 1422
621 1423
150 1424
336 1425
460 1426
798 1427
449 1428
815 1429
286 1430
141 1431
268 1432
421 1433
662 1434
23 1435
391 1436
477 1437
397 1438
276 1439
461 1440
441 1441
446 1442
665 1443
312 1444
459 1445
614 1446
589 1447
195 1448
177 1449
25 1450
582 1451
236 1452
55 1453
215 1454
664 1455
556 1456
326 1457
657 1458
139 1459
287 1460
49 1461
165 1462
370 1463
342 1464
361 1465
173 1466
130 1467
102 1468
458 1469
334 1470
351 1471
553 1472
489 1473
253 1474
615 1475
392 1476
637 1477
411 1478
909 1479
746 1480
328 1481
118 1482
457 1483
99 1484
683 1485
39 1486
719 1487
335 1488
685 1489
551 1490
758 1491
671 1492
222 1493
383 1494
424 1495
443 1496
263 1497
525 1498
773 1499
199 1500
51 1501
564 1502
651 1503
290 1504
775 1505
325 1506
279 1507
331 1508
405 1509
502 1510
385 1511
89 1512
135 1513
493 1514
501 1515
467 1516
548 1517
404 1518
140 1519
593 1520
689 1521
739 1522
445 1523
504 1524
158 1525
580 1526
707 1527
406 1528
697 1529
488 1530
752 1531
451 1532
729 1533
346 1534
248 1535
654 1536
131 1537
633 1538
778 1539
836 1540
398 1541
876 1542
149 1543
566 1544
511 1545
687 1546
231 1547
605 1548
436 1549
234 1550
896 1551
906 1552
549 1553
86 1554
980 1555
565 1556
1006 1557
828 1558
932 1559
690 1560
661 1561
713 1562
291 1563
510 1564
574 1565
587 1566
592 1567
757 1568
848 1569
572 1570
576 1571
543 1572
768 1573
790 1574
159 1575
735 1576
622 1577
814 1578
434 1579
670 1580
374 1581
675 1582
359 1583
722 1584
304 1585
673 1586
892 1587
862 1588
726 1589
630 1590
602 1591
316 1592
431 1593
634 1594
761 1595
850 1596
868 1597
844 1598
427 1599
681 1600
542 1601
653 1602
743 1603
555 1604
201 1605
546 1606
715 1607
362 1608
368 1609
410 1610
666 1611
480 1612
837 1613
708 1614
865 1615
635 1616
513 1617
725 1618
820 1619
210 1620
558 1621
492 1622
117 1623
616 1624
515 1625
319 1626
505 1627
363 1628
889 1629
991 1630
560 1631
639 1632
240 1633
545 1634
624 1635
134 1636
423 1637
474 1638
203 1639
721 1640
583 1641
311 1642
541 1643
902 1644
533 1645
468 1646
365 1647
839 1648
463 1649
658 1650
638 1651
696 1652
523 1653
237 1654
829 1655
517 1656
646 1657
780 1658
647 1659
712 1660
373 1661
428 1662
166 1663
731 1664
522 1665
702 1666
842 1667
899 1668
1018 1669
875 1670
625 1671
535 1672
845 1673
884 1674
399 1675
284 1676
233 1677
586 1678
809 1679
803 1680
784 1681
714 1682
866 1683
907 1684
763 1685
601 1686
1020 1687
904 1688
936 1689
539 1690
1024 1691
454 1692
376 1693
674 1694
691 1695
817 1696
590 1697
642 1698
867 1699
650 1700
537 1701
934 1702
483 1703
1047 1704
348 1705
292 1706
375 1707
520 1708
821 1709
786 1710
645 1711
628 1712
833 1713
872 1714
643 1715
390 1716
353 1717
571 1718
822 1719
249 1720
785 1721
498 1722
750 1723
415 1724
891 1725
509 1726
706 1727
694 1728
486 1729
598 1730
766 1731
756 1732
910 1733
495 1734
824 1735
484 1736
703 1737
968 1738
559 1739
795 1740
668 1741
337 1742
524 1743
989 1744
953 1745
830 1746
933 1747
358 1748
584 1749
840 1750
577 1751
652 1752
888 1753
818 1754
561 1755
655 1756
751 1757
699 1758
982 1759
1023 1760
611 1761
988 1762
487 1763
926 1764
973 1765
112 1766
618 1767
244 1768
631 1769
514 1770
679 1771
295 1772
258 1773
529 1774
747 1775
945 1776
497 1777
843 1778
716 1779
606 1780
764 1781
808 1782
540 1783
898 1784
1032 1785
748 1786
734 1787
738 1788
1068 1789
1037 1790
981 1791
967 1792
801 1793
998 1794
705 1795
877 1796
419 1797
620 1798
800 1799
802 1800
401 1801
595 1802
943 1803
720 1804
948 1805
940 1806
1052 1807
550 1808
569 1809
393 1810
974 1811
917 1812
737 1813
1036 1814
667 1815
903 1816
772 1817
920 1818
1073 1819
832 1820
1044 1821
1005 1822
976 1823
1030 1824
831 1825
978 1826
612 1827
677 1828
1048 1829
1035 1830
858 1831
869 1832
855 1833
770 1834
170 1835
568 1836
825 1837
919 1838
700 1839
901 1840
915 1841
575 1842
570 1843
895 1844
937 1845
941 1846
779 1847
853 1848
754 1849
873 1850
918 1851
776 1852
774 1853
999 1854
1046 1855
1059 1856
1055 1857
859 1858
623 1859
854 1860
350 1861
503 1862
958 1863
879 1864
371 1865
984 1866
733 1867
718 1868
1002 1869
769 1870
688 1871
834 1872
861 1873
755 1874
962 1875
1070 1876
663 1877
847 1878
969 1879
433 1880
388 1881
925 1882
806 1883
972 1884
767 1885
886 1886
698 1887
870 1888
1041 1889
1009 1890
871 1891
857 1892
1031 1893
656 1894
960 1895
883 1896
1025 1897
908 1898
799 1899
961 1900
880 1901
627 1902
852 1903
905 1904
794 1905
1063 1906
1062 1907
759 1908
544 1909
1058 1910
701 1911
949 1912
1022 1913
613 1914
741 1915
971 1916
491 1917
745 1918
686 1919
914 1920
528 1921
450 1922
805 1923
916 1924
1053 1925
1066 1926
983 1927
952 1928
812 1929
846 1930
970 1931
482 1932
508 1933
954 1934
782 1935
878 1936
841 1937
863 1938
930 1939
874 1940
1012 1941
946 1942
678 1943
1061 1944
947 1945
1049 1946
1045 1947
804 1948
927 1949
944 1950
676 1951
956 1952
796 1953
717 1954
607 1955
599 1956
897 1957
791 1958
1056 1959
1042 1960
1040 1961
994 1962
835 1963
977 1964
632 1965
939 1966
600 1967
1033 1968
1019 1969
893 1970
783 1971
1067 1972
950 1973
935 1974
573 1975
942 1976
723 1977
811 1978
987 1979
890 1980
964 1981
966 1982
860 1983
959 1984
581 1985
900 1986
957 1987
931 1988
1043 1989
924 1990
760 1991
1069 1992
951 1993
851 1994
929 1995
1028 1996
1007 1997
1000 1998
928 1999
856 2000
1039 2001
1010 2002
922 2003
955 2004
619 2005
1029 2006
648 2007
762 2008
660 2009
965 2010
1011 2011
1021 2012
1038 2013
1065 2014
911 2015
1071 2016
1051 2017
912 2018
913 2019
669 2020
709 2021
823 2022
995 2023
810 2024
1017 2025
864 2026
1013 2027
692 2028
816 2029
749 2030
1054 2031
1001 2032
807 2033
997 2034
1050 2035
1015 2036
894 2037
923 2038
885 2039
1034 2040
887 2041
1016 2042
704 2043
975 2044
979 2045
777 2046
1026 2047
881 2048
793 2049
996 2050
1027 2051
1008 2052
788 2053
993 2054
1057 2055
740 2056
1060 2057
1072 2058
490 2059
938 2060
882 2061
526 2062
1004 2063
921 2064
985 2065
1014 2066
724 2067
986 2068
1064 2069
641 2070
1003 2071
990 2072
992 2073
