530 1001
835 1002
829 1003
488 1004
1010 1005
870 1006
906 1007
482 1008
453 1009
386 1010
819 1011
944 1012
895 1013
941 1014
734 1015
512 1016
242 1017
125 1018
293 1019
121 1020
727 1021
908 1022
469 1023
496 1024
652 1025
629 1026
748 1027
833 1028
280 1029
401 1030
541 1031
418 1032
774 1033
981 1034
883 1035
817 1036
88 1037
30 1038
910 1039
690 1040
586 1041
197 1042
221 1043
412 1044
947 1045
661 1046
605 1047
684 1048
68 1049
509 1050
351 1051
858 1052
143 1053
479 1054
640 1055
599 1056
244 1057
498 1058
362 1059
633 1060
1065 1061
285 1062
206 1063
950 1064
260 1065
1067 1066
69 1067
894 1068
1049 1069
449 1070
868 1071
585 1072
564 1073
200 1074
283 1075
948 1076
922 1077
310 1078
262 1079
831 1080
205 1081
426 1082
19 1083
274 1084
4 1085
87 1086
385 1087
201 1088
134 1089
924 1090
84 1091
754 1092
41 1093
166 1094
563 1095
1063 1096
273 1097
2 1098
982 1099
275 1100
965 1101
703 1102
973 1103
737 1104
461 1105
278 1106
294 1107
490 1108
474 1109
179 1110
324 1111
838 1112
383 1113
476 1114
456 1115
885 1116
207 1117
849 1118
424 1119
455 1120
630 1121
787 1122
349 1123
887 1124
481 1125
548 1126
710 1127
962 1128
77 1129
848 1130
337 1131
341 1132
259 1133
139 1134
717 1135
297 1136
232 1137
213 1138
802 1139
450 1140
743 1141
554 1142
961 1143
635 1144
809 1145
670 1146
178 1147
560 1148
185 1149
828 1150
888 1151
893 1152
1070 1153
989 1154
82 1155
699 1156
875 1157
227 1158
865 1159
1044 1160
427 1161
409 1162
105 1163
645 1164
356 1165
603 1166
636 1167
531 1168
708 1169
719 1170
659 1171
969 1172
220 1173
76 1174
836 1175
180 1176
1056 1177
316 1178
33 1179
457 1180
478 1181
854 1182
149 1183
565 1184
92 1185
194 1186
757 1187
707 1188
985 1189
146 1190
286 1191
552 1192
996 1193
152 1194
333 1195
60 1196
619 1197
116 1198
302 1199
923 1200
423 1201
886 1202
546 1203
559 1204
672 1205
933 1206
174 1207
387 1208
502 1209
1011 1210
874 1211
753 1212
980 1213
421 1214
844 1215
308 1216
104 1217
890 1218
643 1219
489 1220
533 1221
425 1222
622 1223
706 1224
353 1225
448 1226
654 1227
437 1228
767 1229
402 1230
644 1231
1004 1232
63 1233
823 1234
396 1235
1066 1236
429 1237
219 1238
522 1239
880 1240
372 1241
972 1242
872 1243
25 1244
1005 1245
394 1246
1058 1247
516 1248
436 1249
797 1250
452 1251
634 1252
611 1253
373 1254
572 1255
431 1256
536 1257
925 1258
265 1259
37 1260
289 1261
901 1262
953 1263
626 1264
914 1265
916 1266
411 1267
966 1268
382 1269
792 1270
1030 1271
224 1272
406 1273
231 1274
312 1275
435 1276
323 1277
501 1278
370 1279
896 1280
856 1281
34 1282
747 1283
357 1284
917 1285
871 1286
165 1287
100 1288
575 1289
243 1290
739 1291
290 1292
304 1293
740 1294
113 1295
514 1296
939 1297
252 1298
556 1299
442 1300
963 1301
804 1302
345 1303
313 1304
67 1305
138 1306
374 1307
816 1308
801 1309
458 1310
1072 1311
725 1312
543 1313
567 1314
786 1315
1071 1316
987 1317
459 1318
596 1319
1048 1320
169 1321
779 1322
440 1323
667 1324
127 1325
177 1326
153 1327
471 1328
612 1329
363 1330
853 1331
744 1332
1025 1333
577 1334
287 1335
864 1336
1019 1337
217 1338
999 1339
162 1340
591 1341
245 1342
1064 1343
557 1344
930 1345
540 1346
822 1347
5 1348
133 1349
118 1350
527 1351
785 1352
860 1353
878 1354
1039 1355
921 1356
751 1357
550 1358
359 1359
161 1360
223 1361
253 1362
926 1363
945 1364
680 1365
249 1366
869 1367
584 1368
49 1369
14 1370
369 1371
859 1372
288 1373
375 1374
666 1375
697 1376
320 1377
800 1378
203 1379
129 1380
119 1381
789 1382
788 1383
58 1384
1006 1385
712 1386
768 1387
24 1388
335 1389
771 1390
752 1391
911 1392
931 1393
698 1394
123 1395
614 1396
589 1397
195 1398
551 1399
520 1400
484 1401
204 1402
610 1403
237 1404
347 1405
529 1406
258 1407
467 1408
348 1409
732 1410
215 1411
57 1412
491 1413
840 1414
117 1415
151 1416
657 1417
95 1418
1027 1419
517 1420
776 1421
825 1422
189 1423
602 1424
764 1425
28 1426
330 1427
445 1428
795 1429
93 1430
639 1431
267 1432
132 1433
181 1434
300 1435
154 1436
475 1437
147 1438
1045 1439
256 1440
695 1441
321 1442
580 1443
508 1444
439 1445
398 1446
142 1447
521 1448
380 1449
718 1450
733 1451
618 1452
328 1453
713 1454
608 1455
808 1456
956 1457
852 1458
395 1459
228 1460
1043 1461
1055 1462
902 1463
1022 1464
434 1465
879 1466
760 1467
957 1468
673 1469
1053 1470
810 1471
1007 1472
391 1473
354 1474
824 1475
738 1476
943 1477
570 1478
51 1479
920 1480
861 1481
507 1482
663 1483
66 1484
566 1485
582 1486
1021 1487
299 1488
1040 1489
186 1490
318 1491
239 1492
62 1493
319 1494
251 1495
794 1496
136 1497
414 1498
762 1499
1016 1500
191 1501
731 1502
246 1503
218 1504
898 1505
31 1506
796 1507
1046 1508
642 1509
150 1510
238 1511
660 1512
799 1513
669 1514
837 1515
97 1516
526 1517
305 1518
851 1519
8 1520
55 1521
11 1522
594 1523
812 1524
44 1525
64 1526
711 1527
932 1528
81 1529
1014 1530
826 1531
811 1532
952 1533
168 1534
338 1535
746 1536
646 1537
211 1538
506 1539
850 1540
381 1541
276 1542
89 1543
601 1544
248 1545
145 1546
694 1547
818 1548
625 1549
592 1550
303 1551
112 1552
692 1553
430 1554
73 1555
637 1556
451 1557
235 1558
444 1559
311 1560
915 1561
1032 1562
103 1563
159 1564
26 1565
42 1566
780 1567
877 1568
545 1569
216 1570
884 1571
519 1572
1028 1573
1062 1574
126 1575
992 1576
873 1577
918 1578
937 1579
32 1580
61 1581
94 1582
131 1583
29 1584
593 1585
632 1586
688 1587
364 1588
392 1589
537 1590
188 1591
403 1592
798 1593
21 1594
674 1595
899 1596
881 1597
38 1598
671 1599
91 1600
70 1601
18 1602
821 1603
781 1604
624 1605
729 1606
784 1607
1008 1608
806 1609
1 1610
79 1611
122 1612
325 1613
13 1614
504 1615
1024 1616
257 1617
1013 1618
492 1619
847 1620
722 1621
524 1622
664 1623
562 1624
176 1625
651 1626
998 1627
7 1628
755 1629
141 1630
107 1631
677 1632
183 1633
384 1634
16 1635
342 1636
124 1637
473 1638
137 1639
233 1640
1031 1641
770 1642
525 1643
763 1644
578 1645
135 1646
85 1647
90 1648
683 1649
483 1650
307 1651
1051 1652
157 1653
561 1654
686 1655
148 1656
295 1657
486 1658
128 1659
254 1660
842 1661
1002 1662
261 1663
547 1664
964 1665
315 1666
1037 1667
1057 1668
3 1669
607 1670
724 1671
120 1672
997 1673
959 1674
994 1675
958 1676
184 1677
1003 1678
74 1679
929 1680
995 1681
583 1682
241 1683
714 1684
80 1685
400 1686
1068 1687
919 1688
368 1689
814 1690
590 1691
281 1692
863 1693
791 1694
955 1695
78 1696
909 1697
408 1698
503 1699
441 1700
766 1701
399 1702
704 1703
882 1704
977 1705
627 1706
839 1707
665 1708
1054 1709
172 1710
291 1711
588 1712
600 1713
111 1714
691 1715
1015 1716
52 1717
528 1718
50 1719
20 1720
793 1721
678 1722
101 1723
59 1724
730 1725
405 1726
951 1727
255 1728
728 1729
978 1730
360 1731
9 1732
900 1733
846 1734
495 1735
487 1736
907 1737
876 1738
658 1739
949 1740
726 1741
613 1742
270 1743
511 1744
687 1745
700 1746
54 1747
892 1748
830 1749
170 1750
983 1751
715 1752
581 1753
558 1754
367 1755
160 1756
361 1757
579 1758
193 1759
1036 1760
942 1761
569 1762
497 1763
1000 1764
12 1765
513 1766
199 1767
857 1768
685 1769
621 1770
48 1771
904 1772
155 1773
144 1774
379 1775
720 1776
65 1777
834 1778
446 1779
867 1780
934 1781
597 1782
1073 1783
990 1784
432 1785
298 1786
758 1787
47 1788
891 1789
595 1790
279 1791
641 1792
988 1793
574 1794
247 1795
604 1796
912 1797
378 1798
71 1799
769 1800
230 1801
750 1802
463 1803
765 1804
773 1805
443 1806
775 1807
6 1808
309 1809
946 1810
173 1811
568 1812
187 1813
549 1814
410 1815
1020 1816
23 1817
192 1818
668 1819
355 1820
266 1821
115 1822
555 1823
903 1824
272 1825
815 1826
284 1827
99 1828
587 1829
742 1830
269 1831
10 1832
306 1833
1017 1834
617 1835
542 1836
485 1837
438 1838
696 1839
1038 1840
35 1841
225 1842
334 1843
975 1844
756 1845
327 1846
27 1847
705 1848
897 1849
936 1850
935 1851
317 1852
352 1853
960 1854
462 1855
175 1856
164 1857
114 1858
371 1859
813 1860
433 1861
940 1862
389 1863
631 1864
782 1865
240 1866
518 1867
749 1868
106 1869
271 1870
264 1871
208 1872
759 1873
609 1874
510 1875
102 1876
332 1877
745 1878
250 1879
598 1880
350 1881
1029 1882
976 1883
407 1884
416 1885
649 1886
984 1887
234 1888
428 1889
477 1890
39 1891
466 1892
761 1893
938 1894
741 1895
494 1896
1060 1897
993 1898
735 1899
422 1900
292 1901
655 1902
493 1903
991 1904
167 1905
196 1906
229 1907
202 1908
862 1909
709 1910
329 1911
346 1912
778 1913
656 1914
606 1915
1023 1916
17 1917
404 1918
616 1919
650 1920
1059 1921
827 1922
340 1923
986 1924
413 1925
675 1926
736 1927
109 1928
393 1929
190 1930
22 1931
468 1932
803 1933
268 1934
339 1935
576 1936
539 1937
1034 1938
75 1939
156 1940
532 1941
365 1942
209 1943
366 1944
573 1945
344 1946
322 1947
723 1948
500 1949
1052 1950
163 1951
716 1952
845 1953
693 1954
1001 1955
454 1956
1041 1957
615 1958
53 1959
1050 1960
689 1961
236 1962
210 1963
1012 1964
420 1965
36 1966
505 1967
86 1968
571 1969
56 1970
979 1971
928 1972
905 1973
970 1974
377 1975
83 1976
72 1977
974 1978
679 1979
314 1980
465 1981
15 1982
647 1983
1047 1984
226 1985
326 1986
282 1987
480 1988
841 1989
889 1990
460 1991
534 1992
721 1993
620 1994
653 1995
1026 1996
623 1997
843 1998
415 1999
447 2000
388 2001
98 2002
968 2003
198 2004
681 2005
390 2006
182 2007
648 2008
222 2009
296 2010
214 2011
130 2012
140 2013
927 2014
108 2015
676 2016
805 2017
40 2018
702 2019
777 2020
515 2021
470 2022
158 2023
971 2024
1035 2025
1042 2026
277 2027
832 2028
1061 2029
638 2030
1033 2031
343 2032
772 2033
358 2034
783 2035
110 2036
553 2037
96 2038
967 2039
820 2040
662 2041
464 2042
46 2043
1069 2044
263 2045
499 2046
417 2047
544 2048
419 2049
212 2050
954 2051
45 2052
535 2053
376 2054
301 2055
523 2056
1009 2057
538 2058
807 2059
397 2060
628 2061
43 2062
171 2063
913 2064
855 2065
866 2066
472 2067
336 2068
790 2069
331 2070
682 2071
701 2072
1018 2073
