4235 1001
3209 1002
232 1003
4743 1004
3663 1005
4172 1006
5106 1007
2868 1008
4370 1009
5461 1010
6154 1011
1970 1012
2633 1013
3903 1014
1343 1015
7098 1016
7198 1017
6628 1018
2801 1019
3127 1020
6247 1021
2401 1022
2705 1023
154 1024
1463 1025
4126 1026
4 1027
6502 1028
5969 1029
5430 1030
4916 1031
4458 1032
4224 1033
3876 1034
3645 1035
3498 1036
3145 1037
2902 1038
1578 1039
969 1040
871 1041
358 1042
356 1043
168 1044
5294 1045
3832 1046
492 1047
3058 1048
3067 1049
785 1050
2322 1051
4950 1052
1251 1053
3785 1054
1986 1055
2132 1056
1422 1057
1735 1058
722 1059
2050 1060
2798 1061
2 1062
4687 1063
3399 1064
2165 1065
377 1066
4766 1067
6033 1068
250 1069
583 1070
6697 1071
2307 1072
4366 1073
6085 1074
4328 1075
5316 1076
3580 1077
6775 1078
3359 1079
2736 1080
2892 1081
1353 1082
2942 1083
2906 1084
4195 1085
4263 1086
3688 1087
5425 1088
4914 1089
3879 1090
3143 1091
5982 1092
2950 1093
581 1094
4933 1095
3496 1096
2343 1097
2257 1098
4825 1099
6146 1100
1684 1101
5730 1102
5504 1103
5448 1104
5434 1105
588 1106
3 1107
3265 1108
2375 1109
1556 1110
1527 1111
287 1112
6422 1113
6592 1114
4118 1115
5271 1116
5881 1117
3119 1118
6897 1119
6594 1120
6891 1121
6866 1122
2819 1123
6643 1124
5839 1125
6012 1126
2468 1127
6992 1128
5712 1129
5557 1130
2040 1131
6596 1132
1418 1133
2112 1134
136 1135
4892 1136
3212 1137
3214 1138
609 1139
1080 1140
1676 1141
3493 1142
2119 1143
5783 1144
300 1145
5947 1146
2773 1147
5521 1148
2377 1149
899 1150
5797 1151
2125 1152
2992 1153
5896 1154
5128 1155
1131 1156
4056 1157
2111 1158
6956 1159
545 1160
5 1161
4518 1162
4862 1163
3428 1164
2635 1165
1132 1166
8 1167
5381 1168
4655 1169
6141 1170
2303 1171
2169 1172
1612 1173
6341 1174
2656 1175
3029 1176
4234 1177
691 1178
4803 1179
4896 1180
604 1181
5513 1182
5985 1183
6047 1184
807 1185
2416 1186
1742 1187
5143 1188
5285 1189
4483 1190
1737 1191
4599 1192
4605 1193
493 1194
5484 1195
1052 1196
1041 1197
2799 1198
3005 1199
4327 1200
1891 1201
3272 1202
330 1203
6498 1204
5852 1205
1044 1206
5860 1207
5087 1208
6 1209
6671 1210
3270 1211
398 1212
5760 1213
5943 1214
7 1215
54 1216
3258 1217
3963 1218
4857 1219
3669 1220
4418 1221
5695 1222
3509 1223
3526 1224
1889 1225
2082 1226
64 1227
3561 1228
1940 1229
141 1230
3506 1231
7345 1232
662 1233
1664 1234
3160 1235
478 1236
3508 1237
4649 1238
262 1239
4160 1240
3925 1241
2976 1242
3855 1243
2908 1244
4162 1245
2961 1246
3646 1247
3514 1248
2694 1249
3623 1250
2382 1251
4059 1252
5018 1253
5034 1254
3547 1255
2263 1256
5331 1257
42 1258
862 1259
1363 1260
315 1261
994 1262
3409 1263
3361 1264
3362 1265
3390 1266
3642 1267
850 1268
3829 1269
659 1270
3924 1271
3932 1272
4310 1273
4408 1274
4572 1275
4737 1276
4751 1277
4826 1278
4821 1279
597 1280
3158 1281
2941 1282
1413 1283
1702 1284
2945 1285
5332 1286
3027 1287
1846 1288
2875 1289
2758 1290
2133 1291
2088 1292
2692 1293
427 1294
558 1295
4042 1296
2454 1297
2215 1298
993 1299
176 1300
1210 1301
3714 1302
2336 1303
2334 1304
3432 1305
1845 1306
29 1307
1690 1308
1429 1309
2642 1310
1119 1311
3245 1312
4427 1313
3328 1314
3736 1315
1924 1316
6210 1317
5586 1318
9 1319
6619 1320
6468 1321
6250 1322
5596 1323
5266 1324
5050 1325
4964 1326
4204 1327
3170 1328
512 1329
1850 1330
1770 1331
7013 1332
5001 1333
4944 1334
6925 1335
2514 1336
3248 1337
5720 1338
4517 1339
3316 1340
3908 1341
544 1342
7223 1343
5854 1344
6344 1345
6445 1346
6677 1347
5458 1348
6007 1349
3189 1350
1905 1351
4202 1352
4221 1353
4412 1354
4286 1355
5975 1356
2007 1357
5632 1358
5804 1359
5467 1360
4784 1361
4612 1362
7201 1363
6828 1364
3739 1365
6532 1366
5474 1367
6145 1368
6202 1369
5849 1370
6852 1371
6560 1372
2511 1373
5153 1374
5921 1375
6542 1376
4275 1377
3969 1378
4570 1379
7095 1380
6759 1381
7244 1382
5322 1383
5379 1384
1778 1385
1731 1386
1139 1387
1058 1388
1662 1389
1043 1390
1736 1391
259 1392
2747 1393
2229 1394
2046 1395
1294 1396
4145 1397
4476 1398
3874 1399
3872 1400
6268 1401
6266 1402
6265 1403
6262 1404
6723 1405
6724 1406
6731 1407
6720 1408
6721 1409
5709 1410
6802 1411
6857 1412
6862 1413
6906 1414
828 1415
6790 1416
6777 1417
6907 1418
4082 1419
1424 1420
7351 1421
7350 1422
4911 1423
7363 1424
7372 1425
7381 1426
7431 1427
7443 1428
7446 1429
1981 1430
7368 1431
7375 1432
5926 1433
5927 1434
7364 1435
4013 1436
5507 1437
680 1438
748 1439
1173 1440
1438 1441
5168 1442
1820 1443
1749 1444
2054 1445
10 1446
2060 1447
2531 1448
6426 1449
3222 1450
997 1451
3165 1452
7340 1453
7341 1454
7403 1455
7400 1456
4490 1457
1383 1458
246 1459
71 1460
11 1461
3516 1462
692 1463
3461 1464
106 1465
527 1466
2424 1467
525 1468
36 1469
37 1470
182 1471
811 1472
254 1473
746 1474
1166 1475
1412 1476
712 1477
787 1478
371 1479
1128 1480
720 1481
681 1482
1046 1483
640 1484
631 1485
704 1486
382 1487
1063 1488
3920 1489
719 1490
1420 1491
1909 1492
570 1493
916 1494
728 1495
825 1496
814 1497
370 1498
3678 1499
1976 1500
3094 1501
1596 1502
723 1503
632 1504
884 1505
749 1506
754 1507
248 1508
146 1509
657 1510
1191 1511
1241 1512
1259 1513
134 1514
3241 1515
905 1516
1679 1517
1530 1518
2901 1519
3073 1520
1647 1521
3187 1522
2984 1523
3347 1524
595 1525
1868 1526
374 1527
1914 1528
3331 1529
1828 1530
3918 1531
3139 1532
4546 1533
1455 1534
1155 1535
1620 1536
5318 1537
3447 1538
5352 1539
5706 1540
5937 1541
6161 1542
6441 1543
7132 1544
7371 1545
7263 1546
7278 1547
7444 1548
7387 1549
7259 1550
7239 1551
7540 1552
7281 1553
3018 1554
5796 1555
386 1556
6191 1557
6600 1558
12 1559
3911 1560
5701 1561
6699 1562
6788 1563
5771 1564
603 1565
5846 1566
6840 1567
6839 1568
5707 1569
6711 1570
6860 1571
6805 1572
6801 1573
6795 1574
6794 1575
6917 1576
6636 1577
6637 1578
7160 1579
4801 1580
3913 1581
6638 1582
7133 1583
7044 1584
7330 1585
7318 1586
7255 1587
7294 1588
7401 1589
7386 1590
7215 1591
7167 1592
7336 1593
7383 1594
7249 1595
6294 1596
7334 1597
7449 1598
6575 1599
1187 1600
3296 1601
167 1602
4621 1603
3699 1604
1542 1605
2740 1606
156 1607
3847 1608
2351 1609
5210 1610
5810 1611
3103 1612
1931 1613
5264 1614
1783 1615
2419 1616
3705 1617
4776 1618
2120 1619
5072 1620
1794 1621
1946 1622
1606 1623
1289 1624
1604 1625
5062 1626
3343 1627
26 1628
3501 1629
162 1630
1985 1631
5185 1632
5472 1633
5882 1634
784 1635
1496 1636
39 1637
2629 1638
440 1639
4199 1640
116 1641
317 1642
6488 1643
6117 1644
2110 1645
5710 1646
6722 1647
6778 1648
6808 1649
6810 1650
6725 1651
6727 1652
2649 1653
6729 1654
5109 1655
6799 1656
6430 1657
3613 1658
3614 1659
5604 1660
3280 1661
6972 1662
7147 1663
7402 1664
7380 1665
7073 1666
7379 1667
5928 1668
7337 1669
7399 1670
7529 1671
2525 1672
2585 1673
2584 1674
2985 1675
1674 1676
1500 1677
4299 1678
5027 1679
6163 1680
6261 1681
6267 1682
6654 1683
6074 1684
6789 1685
6800 1686
2638 1687
6809 1688
6856 1689
6803 1690
6847 1691
6533 1692
6976 1693
7137 1694
7138 1695
3297 1696
13 1697
948 1698
1677 1699
3700 1700
1502 1701
2681 1702
4890 1703
3936 1704
3731 1705
1966 1706
6504 1707
6257 1708
4087 1709
6075 1710
5103 1711
6854 1712
7110 1713
6281 1714
7158 1715
7175 1716
6973 1717
4342 1718
6979 1719
7331 1720
7440 1721
7122 1722
7508 1723
3274 1724
3277 1725
3873 1726
1824 1727
2889 1728
4187 1729
6645 1730
6597 1731
1236 1732
3596 1733
6647 1734
5500 1735
6873 1736
6523 1737
4425 1738
3104 1739
2247 1740
3349 1741
4530 1742
1629 1743
3004 1744
2390 1745
2894 1746
5292 1747
5293 1748
1171 1749
1534 1750
5308 1751
2890 1752
5176 1753
4007 1754
1806 1755
3945 1756
635 1757
5017 1758
2337 1759
2856 1760
424 1761
3667 1762
5487 1763
1962 1764
1560 1765
1116 1766
2922 1767
1497 1768
5580 1769
3622 1770
140 1771
5750 1772
3767 1773
6425 1774
4175 1775
4089 1776
3528 1777
6431 1778
3401 1779
3180 1780
2385 1781
1360 1782
363 1783
2392 1784
2755 1785
1699 1786
2854 1787
348 1788
85 1789
2166 1790
561 1791
1568 1792
2140 1793
846 1794
2368 1795
2760 1796
4882 1797
1305 1798
4902 1799
200 1800
5205 1801
4186 1802
5422 1803
2911 1804
6258 1805
565 1806
3263 1807
7335 1808
7342 1809
2777 1810
7445 1811
7447 1812
7315 1813
7513 1814
7523 1815
3650 1816
3853 1817
4184 1818
2428 1819
359 1820
4734 1821
118 1822
4123 1823
4262 1824
3859 1825
2960 1826
1382 1827
35 1828
1284 1829
14 1830
199 1831
203 1832
471 1833
323 1834
74 1835
326 1836
186 1837
1021 1838
652 1839
1515 1840
2589 1841
3472 1842
585 1843
265 1844
264 1845
468 1846
1419 1847
341 1848
961 1849
898 1850
1022 1851
269 1852
1907 1853
1054 1854
2844 1855
233 1856
2230 1857
2696 1858
2754 1859
2209 1860
4313 1861
4657 1862
3503 1863
5291 1864
4343 1865
137 1866
4982 1867
2474 1868
874 1869
3824 1870
3068 1871
3595 1872
3922 1873
63 1874
6256 1875
463 1876
3020 1877
5599 1878
6610 1879
3612 1880
5765 1881
4316 1882
3084 1883
3079 1884
3081 1885
6994 1886
1300 1887
7136 1888
6027 1889
15 1890
113 1891
7123 1892
7416 1893
7423 1894
7489 1895
7269 1896
7456 1897
7388 1898
1934 1899
5861 1900
17 1901
5967 1902
5296 1903
4255 1904
6934 1905
3590 1906
4132 1907
3022 1908
1685 1909
3085 1910
2245 1911
919 1912
3570 1913
2397 1914
4823 1915
5529 1916
16 1917
6014 1918
70 1919
3460 1920
3471 1921
2852 1922
2850 1923
3814 1924
4167 1925
4871 1926
4245 1927
5058 1928
589 1929
4466 1930
4783 1931
1029 1932
6208 1933
3694 1934
939 1935
1672 1936
2872 1937
4817 1938
6936 1939
3393 1940
5816 1941
2544 1942
166 1943
2528 1944
3046 1945
2353 1946
1513 1947
1302 1948
970 1949
2552 1950
1111 1951
3690 1952
5699 1953
1721 1954
1217 1955
3760 1956
3215 1957
2150 1958
2371 1959
4684 1960
2571 1961
3134 1962
24 1963
600 1964
5000 1965
1303 1966
3198 1967
1990 1968
1608 1969
4044 1970
6000 1971
816 1972
212 1973
336 1974
554 1975
817 1976
7458 1977
1650 1978
2717 1979
1932 1980
1755 1981
653 1982
416 1983
494 1984
1541 1985
1084 1986
238 1987
2912 1988
2987 1989
3317 1990
2161 1991
90 1992
72 1993
3330 1994
4793 1995
247 1996
4431 1997
3386 1998
4915 1999
4978 2000
3394 2001
2980 2002
3423 2003
2376 2004
4049 2005
1202 2006
1920 2007
1703 2008
109 2009
3971 2010
1614 2011
6398 2012
5644 2013
3571 2014
2644 2015
6726 2016
6728 2017
5494 2018
3907 2019
1955 2020
2327 2021
1957 2022
6011 2023
87 2024
2499 2025
5301 2026
5297 2027
3926 2028
3288 2029
5311 2030
1613 2031
4652 2032
963 2033
4723 2034
2880 2035
6040 2036
3261 2037
6871 2038
2106 2039
5963 2040
4600 2041
4363 2042
6931 2043
3120 2044
4047 2045
6275 2046
6909 2047
6908 2048
6905 2049
5630 2050
6366 2051
6436 2052
6715 2053
6688 2054
5469 2055
2449 2056
40 2057
1812 2058
5330 2059
4451 2060
4992 2061
3815 2062
4225 2063
62 2064
3572 2065
1754 2066
3118 2067
6639 2068
7406 2069
6270 2070
2258 2071
6222 2072
7238 2073
7333 2074
650 2075
3630 2076
7482 2077
6640 2078
7285 2079
7479 2080
7277 2081
4416 2082
4417 2083
347 2084
988 2085
2586 2086
120 2087
4297 2088
1522 2089
2640 2090
7176 2091
1935 2092
6831 2093
6830 2094
6935 2095
2561 2096
7067 2097
7066 2098
7369 2099
7464 2100
7461 2101
6319 2102
7143 2103
7465 2104
7058 2105
2328 2106
5657 2107
3425 2108
5220 2109
1234 2110
4043 2111
2524 2112
6337 2113
1313 2114
5241 2115
5243 2116
3545 2117
3974 2118
5524 2119
7042 2120
1768 2121
3968 2122
3384 2123
5757 2124
5055 2125
5173 2126
5670 2127
3693 2128
5098 2129
4774 2130
5658 2131
5660 2132
6818 2133
6288 2134
3388 2135
924 2136
5597 2137
4917 2138
2329 2139
5732 2140
4707 2141
5578 2142
2330 2143
3594 2144
1952 2145
3426 2146
2553 2147
4459 2148
6461 2149
2352 2150
5753 2151
4421 2152
5528 2153
6400 2154
6626 2155
6758 2156
4724 2157
587 2158
3976 2159
3715 2160
2005 2161
1864 2162
1858 2163
1871 2164
5275 2165
2718 2166
827 2167
1579 2168
2612 2169
115 2170
266 2171
3323 2172
457 2173
6496 2174
5073 2175
3826 2176
4193 2177
4951 2178
4171 2179
2107 2180
368 2181
3326 2182
5144 2183
877 2184
5612 2185
1150 2186
4765 2187
219 2188
385 2189
20 2190
5471 2191
4809 2192
4786 2193
2954 2194
4460 2195
1099 2196
6520 2197
980 2198
936 2199
2003 2200
3967 2201
5134 2202
3096 2203
4482 2204
3099 2205
3012 2206
2917 2207
5026 2208
5705 2209
5306 2210
4875 2211
3479 2212
3670 2213
1467 2214
4659 2215
3738 2216
6601 2217
4818 2218
6531 2219
6898 2220
6807 2221
6858 2222
6173 2223
5622 2224
5186 2225
5621 2226
4926 2227
3716 2228
894 2229
966 2230
5040 2231
7094 2232
7162 2233
7161 2234
6978 2235
5624 2236
5140 2237
2154 2238
7469 2239
335 2240
7493 2241
7486 2242
7420 2243
7466 2244
7105 2245
7487 2246
193 2247
4909 2248
4357 2249
4057 2250
5405 2251
2534 2252
4037 2253
4722 2254
1961 2255
7419 2256
2452 2257
4693 2258
5470 2259
5966 2260
6339 2261
1890 2262
6331 2263
5298 2264
5962 2265
990 2266
6635 2267
6421 2268
2404 2269
3290 2270
590 2271
1405 2272
1274 2273
4430 2274
4046 2275
3877 2276
3069 2277
1793 2278
5327 2279
2521 2280
6110 2281
1761 2282
4792 2283
1760 2284
2268 2285
868 2286
3532 2287
6367 2288
2136 2289
2572 2290
1326 2291
2611 2292
2921 2293
5702 2294
18 2295
5324 2296
3105 2297
2479 2298
3841 2299
859 2300
6675 2301
19 2302
286 2303
4214 2304
112 2305
3772 2306
5193 2307
5120 2308
6772 2309
5554 2310
6183 2311
3406 2312
6620 2313
6621 2314
4647 2315
5015 2316
5007 2317
6876 2318
3972 2319
3857 2320
3798 2321
3031 2322
4217 2323
2114 2324
6771 2325
5206 2326
4927 2327
3440 2328
4943 2329
951 2330
6478 2331
78 2332
886 2333
3494 2334
5527 2335
952 2336
2256 2337
4314 2338
5019 2339
6241 2340
6859 2341
4450 2342
2560 2343
6718 2344
7370 2345
7367 2346
7365 2347
5302 2348
4812 2349
3980 2350
4814 2351
6248 2352
21 2353
1856 2354
996 2355
214 2356
3009 2357
2281 2358
268 2359
2297 2360
401 2361
1958 2362
5242 2363
6055 2364
3671 2365
3568 2366
4681 2367
3133 2368
1763 2369
4718 2370
941 2371
4054 2372
3021 2373
5769 2374
4392 2375
2314 2376
2569 2377
3942 2378
834 2379
1075 2380
4441 2381
2372 2382
229 2383
2481 2384
4422 2385
23 2386
6773 2387
3036 2388
7210 2389
3680 2390
2715 2391
3445 2392
5361 2393
2356 2394
2335 2395
845 2396
2913 2397
2986 2398
4406 2399
279 2400
2255 2401
293 2402
3928 2403
4962 2404
5354 2405
3300 2406
3431 2407
5247 2408
5196 2409
4592 2410
1901 2411
1526 2412
2582 2413
1902 2414
5989 2415
3439 2416
1082 2417
7385 2418
2940 2419
7530 2420
972 2421
4247 2422
2951 2423
342 2424
2619 2425
25 2426
5075 2427
6609 2428
1919 2429
2701 2430
2145 2431
3487 2432
5555 2433
1711 2434
2645 2435
4402 2436
2778 2437
5493 2438
5512 2439
3638 2440
2240 2441
2178 2442
2162 2443
5165 2444
458 2445
6838 2446
5359 2447
5763 2448
5547 2449
4024 2450
4388 2451
4653 2452
5998 2453
4413 2454
987 2455
3167 2456
6153 2457
31 2458
5069 2459
6029 2460
5319 2461
4741 2462
929 2463
482 2464
6689 2465
4036 2466
3291 2467
6681 2468
3679 2469
801 2470
5721 2471
578 2472
775 2473
1517 2474
2127 2475
651 2476
1380 2477
985 2478
5949 2479
68 2480
3465 2481
6700 2482
5096 2483
28 2484
4474 2485
6583 2486
3398 2487
4240 2488
5719 2489
27 2490
5369 2491
3555 2492
3558 2493
3524 2494
2123 2495
470 2496
3556 2497
3324 2498
991 2499
4635 2500
4832 2501
1026 2502
6052 2503
3051 2504
4446 2505
1774 2506
1758 2507
4109 2508
1442 2509
1396 2510
965 2511
3607 2512
4163 2513
6129 2514
602 2515
6062 2516
4119 2517
6585 2518
2492 2519
5039 2520
4173 2521
1595 2522
2156 2523
2659 2524
4128 2525
1661 2526
2580 2527
5884 2528
3123 2529
5350 2530
3796 2531
6850 2532
4467 2533
7128 2534
2824 2535
1296 2536
2603 2537
1103 2538
2974 2539
2832 2540
2503 2541
5439 2542
60 2543
5483 2544
1244 2545
6049 2546
1562 2547
3929 2548
4064 2549
2620 2550
2631 2551
430 2552
822 2553
3810 2554
7029 2555
5400 2556
6246 2557
1910 2558
217 2559
569 2560
2287 2561
882 2562
1506 2563
126 2564
2956 2565
255 2566
5463 2567
6495 2568
5611 2569
6848 2570
7298 2571
4455 2572
4910 2573
4579 2574
4386 2575
242 2576
2814 2577
425 2578
1668 2579
3906 2580
3729 2581
3405 2582
1814 2583
741 2584
2735 2585
2000 2586
3056 2587
2690 2588
3400 2589
1378 2590
3519 2591
357 2592
1693 2593
2445 2594
2720 2595
2677 2596
3097 2597
3702 2598
4177 2599
4291 2600
2688 2601
2594 2602
209 2603
1440 2604
1275 2605
354 2606
195 2607
1528 2608
735 2609
1223 2610
6021 2611
5747 2612
4469 2613
313 2614
3708 2615
3034 2616
4778 2617
5183 2618
6115 2619
1555 2620
4627 2621
2017 2622
3427 2623
2207 2624
981 2625
4346 2626
4387 2627
2457 2628
4564 2629
2176 2630
1697 2631
5187 2632
1324 2633
5442 2634
160 2635
138 2636
22 2637
3779 2638
3035 2639
6151 2640
2957 2641
6118 2642
1658 2643
1621 2644
5655 2645
5526 2646
4116 2647
6570 2648
4733 2649
2191 2650
6475 2651
491 2652
4700 2653
4845 2654
5579 2655
5343 2656
5333 2657
5344 2658
2576 2659
3028 2660
5822 2661
2570 2662
3914 2663
911 2664
4824 2665
3076 2666
3329 2667
2625 2668
1943 2669
170 2670
4485 2671
205 2672
4097 2673
6167 2674
4068 2675
3563 2676
2079 2677
1827 2678
5665 2679
813 2680
1636 2681
6109 2682
2244 2683
4929 2684
2298 2685
3201 2686
3006 2687
3203 2688
4158 2689
3842 2690
5741 2691
5936 2692
3935 2693
3995 2694
397 2695
4445 2696
6573 2697
310 2698
6553 2699
3578 2700
1847 2701
97 2702
61 2703
528 2704
566 2705
1247 2706
1745 2707
497 2708
933 2709
2062 2710
2358 2711
2269 2712
3938 2713
4815 2714
838 2715
3804 2716
3252 2717
3811 2718
3579 2719
2796 2720
1523 2721
3332 2722
2775 2723
6032 2724
7353 2725
7393 2726
7329 2727
7224 2728
547 2729
955 2730
3840 2731
111 2732
3138 2733
1421 2734
6864 2735
855 2736
867 2737
872 2738
3382 2739
4194 2740
3633 2741
181 2742
2731 2743
2308 2744
2622 2745
5353 2746
4248 2747
1030 2748
180 2749
3984 2750
3397 2751
5466 2752
4602 2753
2081 2754
5736 2755
1969 2756
6053 2757
3378 2758
6050 2759
1220 2760
1477 2761
3074 2762
2998 2763
6067 2764
4269 2765
3338 2766
7262 2767
2663 2768
296 2769
4577 2770
4613 2771
3284 2772
151 2773
4732 2774
1948 2775
3658 2776
902 2777
3675 2778
4478 2779
4830 2780
3236 2781
450 2782
1894 2783
4965 2784
5222 2785
3355 2786
5022 2787
3754 2788
866 2789
2547 2790
1474 2791
5189 2792
311 2793
2621 2794
5244 2795
7130 2796
4942 2797
1837 2798
5180 2799
5233 2800
1025 2801
3314 2802
6170 2803
5696 2804
169 2805
648 2806
2860 2807
6038 2808
5825 2809
4211 2810
655 2811
6171 2812
6985 2813
6768 2814
1280 2815
4891 2816
2989 2817
2084 2818
5509 2819
956 2820
5178 2821
6397 2822
3205 2823
4744 2824
3363 2825
3071 2826
2364 2827
2556 2828
3032 2829
5606 2830
2487 2831
1838 2832
2916 2833
3677 2834
2963 2835
5764 2836
2507 2837
1087 2838
6227 2839
3151 2840
1855 2841
1092 2842
2403 2843
3026 2844
4389 2845
3336 2846
7166 2847
4763 2848
3040 2849
2346 2850
3213 2851
101 2852
110 2853
228 2854
447 2855
2616 2856
2475 2857
5569 2858
5531 2859
3707 2860
4559 2861
6190 2862
4420 2863
5060 2864
5245 2865
6060 2866
4079 2867
6078 2868
4080 2869
6079 2870
2944 2871
6206 2872
490 2873
546 2874
596 2875
1632 2876
1203 2877
1172 2878
3982 2879
907 2880
5689 2881
4029 2882
4100 2883
48 2884
3866 2885
4859 2886
5841 2887
4535 2888
2024 2889
2508 2890
2678 2891
1574 2892
1576 2893
6321 2894
6329 2895
3466 2896
1392 2897
5944 2898
375 2899
2709 2900
285 2901
3207 2902
1873 2903
3129 2904
4924 2905
2728 2906
3927 2907
325 2908
1493 2909
1561 2910
6536 2911
6534 2912
6077 2913
6466 2914
3334 2915
5447 2916
2739 2917
3603 2918
2015 2919
3644 2920
2907 2921
5542 2922
1184 2923
1255 2924
2607 2925
3937 2926
1709 2927
1482 2928
2545 2929
2104 2930
5035 2931
538 2932
4038 2933
1977 2934
1407 2935
2065 2936
3822 2937
2697 2938
2822 2939
2097 2940
3092 2941
79 2942
634 2943
2188 2944
1377 2945
1290 2946
3333 2947
2648 2948
4104 2949
1341 2950
4091 2951
1743 2952
2265 2953
3818 2954
5149 2955
4094 2956
5990 2957
4607 2958
2002 2959
290 2960
486 2961
249 2962
1533 2963
1982 2964
379 2965
1102 2966
1201 2967
4828 2968
2939 2969
302 2970
5847 2971
1753 2972
5729 2973
1040 2974
2027 2975
2886 2976
4073 2977
3975 2978
5960 2979
2466 2980
318 2981
2651 2982
351 2983
1408 2984
432 2985
1091 2986
6912 2987
1642 2988
4190 2989
1795 2990
3383 2991
487 2992
1239 2993
473 2994
4081 2995
2288 2996
4515 2997
5744 2998
305 2999
5280 3000
5789 3001
5759 3002
5674 3003
6427 3004
6174 3005
1306 3006
3350 3007
1130 3008
2783 3009
3533 3010
220 3011
5057 3012
4243 3013
3490 3014
5537 3015
4957 3016
4954 3017
4798 3018
6887 3019
2032 3020
6562 3021
7428 3022
3773 3023
6487 3024
3049 3025
959 3026
5251 3027
4203 3028
6144 3029
4461 3030
6179 3031
6776 3032
2865 3033
6598 3034
1646 3035
4261 3036
676 3037
1049 3038
4233 3039
1205 3040
1457 3041
2285 3042
7069 3043
2675 3044
3008 3045
4971 3046
4726 3047
5151 3048
4254 3049
3500 3050
1945 3051
4938 3052
2962 3053
6295 3054
3473 3055
2319 3056
2057 3057
1441 3058
121 3059
2810 3060
6458 3061
6006 3062
7247 3063
3600 3064
2691 3065
2700 3066
920 3067
3216 3068
2115 3069
4218 3070
1504 3071
4063 3072
2943 3073
1549 3074
2800 3075
3589 3076
643 3077
5535 3078
1106 3079
4619 3080
475 3081
4699 3082
100 3083
4010 3084
4585 3085
4011 3086
2653 3087
4606 3088
5235 3089
6076 3090
1617 3091
1466 3092
1831 3093
5687 3094
5595 3095
365 3096
5752 3097
5688 3098
5406 3099
4754 3100
391 3101
6058 3102
818 3103
4716 3104
2873 3105
163 3106
1388 3107
59 3108
3340 3109
6148 3110
1539 3111
3448 3112
6162 3113
5895 3114
3504 3115
3845 3116
3992 3117
2350 3118
3850 3119
1146 3120
5116 3121
1999 3122
3819 3123
5802 3124
2774 3125
6328 3126
4717 3127
1020 3128
1019 3129
1012 3130
1010 3131
3243 3132
3242 3133
3244 3134
3237 3135
1078 3136
4745 3137
5541 3138
4131 3139
4133 3140
2725 3141
1333 3142
1221 3143
3647 3144
6820 3145
5887 3146
1003 3147
1998 3148
3806 3149
2802 3150
4315 3151
5329 3152
4672 3153
6774 3154
4934 3155
5272 3156
5445 3157
4545 3158
4393 3159
4391 3160
6138 3161
4390 3162
4027 3163
3979 3164
3977 3165
4642 3166
2411 3167
1322 3168
2683 3169
2646 3170
3396 3171
1964 3172
7089 3173
2855 3174
6042 3175
6026 3176
6456 3177
6489 3178
5258 3179
5582 3180
6396 3181
1963 3182
6990 3183
6949 3184
7296 3185
7292 3186
2179 3187
4331 3188
6879 3189
1016 3190
30 3191
1032 3192
2103 3193
1507 3194
992 3195
4244 3196
32 3197
5935 3198
3224 3199
3181 3200
2958 3201
2826 3202
2699 3203
2118 3204
1499 3205
314 3206
2262 3207
2400 3208
6253 3209
3159 3210
6479 3211
5592 3212
5402 3213
5345 3214
6618 3215
5640 3216
5012 3217
33 3218
6347 3219
5269 3220
7047 3221
3689 3222
6519 3223
2205 3224
4394 3225
117 3226
38 3227
380 3228
2608 3229
1023 3230
346 3231
2674 3232
2759 3233
1100 3234
2175 3235
3083 3236
2893 3237
2676 3238
5473 3239
67 3240
734 3241
3542 3242
2765 3243
3152 3244
5200 3245
4513 3246
4508 3247
1037 3248
524 3249
782 3250
763 3251
685 3252
6070 3253
6071 3254
4648 3255
605 3256
3624 3257
2183 3258
4872 3259
2930 3260
4667 3261
41 3262
3651 3263
4154 3264
5118 3265
7040 3266
1436 3267
1095 3268
4070 3269
4114 3270
2970 3271
3551 3272
3827 3273
3691 3274
4457 3275
3353 3276
3862 3277
258 3278
4475 3279
252 3280
3279 3281
1840 3282
521 3283
4610 3284
672 3285
1777 3286
510 3287
4072 3288
4284 3289
4889 3290
5368 3291
4796 3292
4952 3293
3608 3294
684 3295
3003 3296
3834 3297
4595 3298
808 3299
1804 3300
5070 3301
5629 3302
3615 3303
3610 3304
2160 3305
4984 3306
4654 3307
3868 3308
3919 3309
5853 3310
253 3311
5616 3312
2555 3313
1912 3314
3521 3315
3631 3316
1906 3317
733 3318
1921 3319
5150 3320
5883 3321
5633 3322
6472 3323
3597 3324
6660 3325
260 3326
4411 3327
6576 3328
6540 3329
627 3330
5029 3331
2484 3332
1995 3333
1265 3334
4231 3335
519 3336
638 3337
5011 3338
5988 3339
5603 3340
5169 3341
2276 3342
4436 3343
6694 3344
678 3345
3208 3346
7107 3347
5525 3348
5929 3349
3379 3350
2926 3351
6136 3352
7232 3353
7165 3354
7352 3355
2059 3356
3348 3357
3100 3358
3298 3359
3299 3360
962 3361
2477 3362
3101 3363
4884 3364
34 3365
5227 3366
6649 3367
6748 3368
6072 3369
7205 3370
926 3371
3377 3372
5231 3373
5431 3374
5922 3375
6588 3376
6791 3377
45 3378
6918 3379
467 3380
6220 3381
5046 3382
4997 3383
4852 3384
6622 3385
5833 3386
5561 3387
5115 3388
5042 3389
4319 3390
2016 3391
998 3392
4925 3393
2299 3394
1641 3395
2743 3396
2606 3397
861 3398
231 3399
3687 3400
3047 3401
2937 3402
4550 3403
4829 3404
3320 3405
1009 3406
3766 3407
5198 3408
3664 3409
6567 3410
6690 3411
6259 3412
2639 3413
3464 3414
3961 3415
3052 3416
395 3417
2579 3418
1897 3419
1557 3420
3745 3421
5885 3422
3655 3423
3360 3424
2363 3425
1439 3426
6199 3427
1951 3428
4822 3429
4489 3430
4440 3431
2947 3432
1643 3433
3654 3434
3653 3435
476 3436
4660 3437
1344 3438
575 3439
6264 3440
3990 3441
7048 3442
7148 3443
5550 3444
1724 3445
567 3446
7462 3447
92 3448
5870 3449
6611 3450
6684 3451
5647 3452
6846 3453
6644 3454
6263 3455
6589 3456
6816 3457
6744 3458
3750 3459
6201 3460
995 3461
1580 3462
5496 3463
5495 3464
4721 3465
3719 3466
4470 3467
5479 3468
584 3469
619 3470
873 3471
2139 3472
6389 3473
1511 3474
4805 3475
4739 3476
6352 3477
119 3478
2761 3479
3117 3480
3424 3481
3858 3482
4807 3483
1584 3484
4806 3485
5270 3486
1492 3487
1994 3488
1219 3489
2934 3490
4324 3491
5491 3492
3235 3493
5685 3494
1816 3495
1959 3496
4614 3497
5024 3498
2948 3499
2460 3500
3900 3501
3987 3502
5323 3503
2280 3504
2539 3505
2095 3506
4355 3507
4834 3508
299 3509
4624 3510
665 3511
2251 3512
4658 3513
4755 3514
800 3515
5412 3516
5132 3517
3422 3518
2434 3519
6039 3520
2113 3521
1178 3522
3292 3523
4178 3524
183 3525
2354 3526
144 3527
52 3528
1470 3529
4124 3530
1238 3531
5613 3532
5879 3533
4279 3534
1059 3535
3253 3536
1126 3537
5317 3538
6195 3539
6646 3540
6550 3541
3770 3542
6730 3543
6787 3544
7304 3545
7425 3546
7394 3547
2891 3548
7404 3549
7494 3550
7491 3551
7485 3552
7477 3553
7488 3554
7317 3555
5114 3556
7251 3557
7257 3558
7501 3559
7532 3560
7473 3561
3639 3562
7502 3563
7471 3564
7538 3565
7546 3566
7242 3567
7306 3568
7515 3569
436 3570
2757 3571
2630 3572
1005 3573
4698 3574
2827 3575
1067 3576
2836 3577
2668 3578
3196 3579
4383 3580
1518 3581
4129 3582
4250 3583
1036 3584
669 3585
5033 3586
6198 3587
1038 3588
6767 3589
2577 3590
6094 3591
6861 3592
4200 3593
1214 3594
50 3595
5417 3596
4582 3597
3800 3598
5691 3599
2952 3600
2218 3601
1319 3602
1001 3603
4773 3604
6302 3605
1468 3606
2472 3607
2365 3608
4611 3609
5032 3610
5965 3611
5299 3612
5136 3613
4813 3614
4711 3615
47 3616
1266 3617
1329 3618
4701 3619
2877 3620
7064 3621
6116 3622
43 3623
2910 3624
5952 3625
2838 3626
1618 3627
4274 3628
4820 3629
6449 3630
2550 3631
1447 3632
895 3633
2968 3634
5498 3635
5892 3636
93 3637
123 3638
2767 3639
6354 3640
6998 3641
1954 3642
5229 3643
1355 3644
65 3645
4018 3646
4099 3647
3742 3648
2641 3649
4026 3650
1427 3651
2526 3652
2227 3653
2708 3654
3376 3655
2406 3656
51 3657
4078 3658
5563 3659
5886 3660
5964 3661
6010 3662
3183 3663
560 3664
3809 3665
4125 3666
49 3667
3121 3668
5938 3669
2004 3670
6165 3671
5290 3672
4384 3673
4520 3674
7131 3675
1085 3676
4811 3677
3275 3678
1819 3679
1750 3680
3659 3681
4893 3682
520 3683
2797 3684
2093 3685
4639 3686
2094 3687
4920 3688
1225 3689
732 3690
2567 3691
840 3692
2266 3693
2756 3694
4481 3695
778 3696
505 3697
4031 3698
3776 3699
6548 3700
5978 3701
2446 3702
5749 3703
3717 3704
6081 3705
4137 3706
4382 3707
334 3708
6415 3709
7019 3710
5370 3711
5898 3712
5900 3713
5920 3714
2311 3715
5125 3716
1765 3717
577 3718
1074 3719
5814 3720
6399 3721
6462 3722
6929 3723
7168 3724
7083 3725
44 3726
7475 3727
7087 3728
1805 3729
5408 3730
294 3731
2470 3732
4176 3733
322 3734
2041 3735
6761 3736
5610 3737
1501 3738
4486 3739
6296 3740
5908 3741
5762 3742
6260 3743
5314 3744
3177 3745
1904 3746
1475 3747
3730 3748
5874 3749
5533 3750
5378 3751
3278 3752
6119 3753
6581 3754
6418 3755
880 3756
7052 3757
1508 3758
5857 3759
2927 3760
328 3761
5190 3762
4532 3763
1844 3764
6335 3765
3191 3766
46 3767
1089 3768
6480 3769
4729 3770
6245 3771
3934 3772
4618 3773
3735 3774
6326 3775
4374 3776
2785 3777
6571 3778
4615 3779
6511 3780
344 3781
4636 3782
2815 3783
1722 3784
4879 3785
3140 3786
1792 3787
6582 3788
3577 3789
1253 3790
7079 3791
2243 3792
2395 3793
7006 3794
1867 3795
1564 3796
3621 3797
4536 3798
2135 3799
3718 3800
216 3801
6164 3802
6356 3803
849 3804
5768 3805
5277 3806
1312 3807
3467 3808
1807 3809
4338 3810
6911 3811
4260 3812
2520 3813
4674 3814
6607 3815
4967 3816
7151 3817
55 3818
5225 3819
6867 3820
5325 3821
2483 3822
6193 3823
53 3824
5179 3825
4680 3826
3344 3827
5997 3828
2828 3829
4050 3830
57 3831
599 3832
1444 3833
1654 3834
2212 3835
4666 3836
2437 3837
983 3838
6388 3839
2604 3840
4931 3841
2108 3842
6330 3843
6736 3844
5148 3845
7084 3846
316 3847
5197 3848
319 3849
4349 3850
6780 3851
7004 3852
5261 3853
3686 3854
3537 3855
3354 3856
3656 3857
2793 3858
3523 3859
4691 3860
5803 3861
4623 3862
5276 3863
4880 3864
4183 3865
1350 3866
5811 3867
5107 3868
2192 3869
1834 3870
501 3871
1836 3872
887 3873
3312 3874
1167 3875
2748 3876
3137 3877
3013 3878
2019 3879
2904 3880
853 3881
3219 3882
2128 3883
3598 3884
4228 3885
2596 3886
3366 3887
2918 3888
2788 3889
2087 3890
187 3891
4311 3892
1365 3893
4350 3894
2859 3895
1988 3896
5049 3897
4996 3898
5048 3899
5047 3900
5382 3901
6158 3902
3050 3903
1585 3904
2574 3905
6111 3906
4835 3907
5518 3908
2333 3909
2070 3910
5105 3911
2144 3912
2069 3913
6063 3914
4096 3915
4428 3916
5639 3917
292 3918
2874 3919
5677 3920
4985 3921
739 3922
145 3923
3591 3924
1883 3925
1216 3926
5690 3927
2888 3928
2394 3929
2393 3930
1965 3931
4650 3932
4629 3933
5192 3934
2378 3935
2241 3936
5845 3937
129 3938
6913 3939
5992 3940
3507 3941
1968 3942
3880 3943
3541 3944
1258 3945
1261 3946
3513 3947
1941 3948
2727 3949
3337 3950
189 3951
982 3952
2764 3953
81 3954
3733 3955
3778 3956
4780 3957
4322 3958
4841 3959
2707 3960
4883 3961
4912 3962
2928 3963
308 3964
3480 3965
4341 3966
4899 3967
3724 3968
5252 3969
1301 3970
551 3971
5844 3972
3110 3973
5337 3974
5829 3975
6019 3976
5770 3977
3755 3978
5902 3979
6473 3980
4768 3981
3155 3982
6943 3983
2548 3984
2332 3985
6955 3986
3030 3987
3077 3988
185 3989
1008 3990
4908 3991
1586 3992
7090 3993
4345 3994
6964 3995
5397 3996
5651 3997
2542 3998
2170 3999
4695 4000
5501 4001
4424 4002
6910 4003
208 4004
56 4005
5994 4006
1161 4007
3801 4008
1682 4009
6953 4010
2077 4011
5917 4012
1813 4013
2702 4014
6981 4015
1391 4016
6670 4017
7009 4018
6915 4019
504 4020
6483 4021
6343 4022
4414 4023
5788 4024
5520 4025
6364 4026
6514 4027
5415 4028
7146 4029
139 4030
1572 4031
2753 4032
407 4033
2340 4034
2768 4035
2105 4036
3817 4037
628 4038
5088 4039
5548 4040
4280 4041
3171 4042
4697 4043
3768 4044
6156 4045
7000 4046
1389 4047
1248 4048
5099 4049
1287 4050
979 4051
4168 4052
4219 4053
1582 4054
4045 4055
5141 4056
6013 4057
4191 4058
1989 4059
2983 4060
2533 4061
3673 4062
5373 4063
2851 4064
940 4065
4584 4066
6648 4067
3217 4068
1956 4069
5605 4070
5850 4071
6642 4072
5389 4073
1358 4074
5832 4075
5683 4076
6073 4077
5163 4078
5409 4079
7035 4080
4664 4081
7015 4082
646 4083
3593 4084
6921 4085
4728 4086
2427 4087
6360 4088
58 4089
6395 4090
6234 4091
5454 4092
7135 4093
4021 4094
2835 4095
917 4096
3267 4097
4008 4098
2712 4099
2031 4100
6020 4101
6184 4102
1011 4103
1720 4104
2074 4105
4105 4106
275 4107
2964 4108
5052 4109
419 4110
5174 4111
6603 4112
5999 4113
6612 4114
4222 4115
7024 4116
6446 4117
4426 4118
5987 4119
400 4120
66 4121
7217 4122
1000 4123
7451 4124
6792 4125
6806 4126
6822 4127
7373 4128
5436 4129
743 4130
3199 4131
69 4132
1494 4133
1529 4134
4144 4135
548 4136
4747 4137
4885 4138
3752 4139
4918 4140
2829 4141
4239 4142
4423 4143
6212 4144
4907 4145
5021 4146
5092 4147
4101 4148
147 4149
6393 4150
2896 4151
6318 4152
5656 4153
5568 4154
3743 4155
6353 4156
4749 4157
3364 4158
1120 4159
3794 4160
1212 4161
2670 4162
5162 4163
2660 4164
5953 4165
6447 4166
5391 4167
5476 4168
3285 4169
3218 4170
1252 4171
5724 4172
4865 4173
5429 4174
7187 4175
6977 4176
4802 4177
3132 4178
2808 4179
5976 4180
3753 4181
3015 4182
2618 4183
6293 4184
4443 4185
6686 4186
3161 4187
2204 4188
1895 4189
464 4190
6945 4191
4065 4192
2535 4193
2517 4194
444 4195
3358 4196
2988 4197
4336 4198
3168 4199
6691 4200
1113 4201
6226 4202
4961 4203
2147 4204
4267 4205
4437 4206
6390 4207
108 4208
557 4209
642 4210
563 4211
1512 4212
5826 4213
6200 4214
5643 4215
6930 4216
6244 4217
2295 4218
6719 4219
2780 4220
7074 4221
1740 4222
2723 4223
5540 4224
1222 4225
2310 4226
3763 4227
1594 4228
6734 4229
6593 4230
1079 4231
4307 4232
73 4233
1071 4234
2067 4235
942 4236
6974 4237
2500 4238
5831 4239
2014 4240
647 4241
89 4242
1437 4243
3512 4244
1984 4245
3618 4246
75 4247
103 4248
3169 4249
3657 4250
1967 4251
5636 4252
5321 4253
4771 4254
5413 4255
3709 4256
2222 4257
2398 4258
2575 4259
5565 4260
6218 4261
6133 4262
4861 4263
4352 4264
76 4265
4712 4266
6101 4267
6665 4268
5309 4269
1243 4270
598 4271
1209 4272
159 4273
1229 4274
686 4275
2102 4276
4156 4277
5676 4278
1143 4279
4294 4280
2876 4281
3289 4282
3569 4283
5499 4284
4557 4285
1811 4286
4471 4287
2861 4288
2381 4289
2396 4290
6203 4291
5919 4292
5133 4293
5552 4294
1680 4295
361 4296
5609 4297
5435 4298
5051 4299
4644 4300
6103 4301
5146 4302
4242 4303
485 4304
4359 4305
1175 4306
3863 4307
1047 4308
3128 4309
1725 4310
2407 4311
434 4312
958 4313
4434 4314
84 4315
5424 4316
3944 4317
77 4318
1110 4319
5076 4320
5980 4321
2275 4322
3188 4323
2331 4324
4782 4325
4066 4326
5357 4327
6606 4328
1879 4329
6948 4330
5686 4331
5490 4332
870 4333
1615 4334
1899 4335
3327 4336
2386 4337
2442 4338
6784 4339
451 4340
736 4341
1048 4342
3869 4343
5739 4344
2870 4345
6149 4346
413 4347
7397 4348
5536 4349
3259 4350
2099 4351
1335 4352
1656 4353
2294 4354
914 4355
881 4356
5625 4357
4963 4358
3175 4359
3122 4360
2323 4361
6916 4362
4086 4363
7284 4364
7326 4365
7435 4366
7339 4367
2804 4368
7221 4369
7355 4370
4405 4371
2669 4372
4410 4373
4630 4374
2871 4375
2187 4376
6005 4377
283 4378
153 4379
4686 4380
6022 4381
6087 4382
5278 4383
4760 4384
2935 4385
3162 4386
5939 4387
1653 4388
5232 4389
856 4390
5095 4391
4998 4392
6899 4393
2418 4394
4645 4395
6750 4396
5950 4397
3163 4398
99 4399
4223 4400
3322 4401
1552 4402
7395 4403
7325 4404
5122 4405
7410 4406
7542 4407
5349 4408
5775 4409
3582 4410
976 4411
149 4412
179 4413
2370 4414
1263 4415
6363 4416
2557 4417
201 4418
2897 4419
82 4420
1260 4421
5121 4422
2565 4423
1245 4424
1361 4425
5145 4426
3452 4427
5799 4428
6413 4429
2367 4430
5723 4431
5959 4432
2601 4433
2126 4434
5340 4435
6796 4436
4301 4437
1917 4438
83 4439
537 4440
1551 4441
204 4442
206 4443
7450 4444
4170 4445
6350 4446
1548 4447
1042 4448
580 4449
5195 4450
332 4451
562 4452
1655 4453
7102 4454
927 4455
2949 4456
1346 4457
2722 4458
5462 4459
1309 4460
3682 4461
4663 4462
6157 4463
1694 4464
1381 4465
1633 4466
2264 4467
5137 4468
1367 4469
2610 4470
88 4471
1453 4472
1077 4473
3744 4474
3843 4475
592 4476
2439 4477
1454 4478
2387 4479
2698 4480
4464 4481
5094 4482
3375 4483
1088 4484
4988 4485
4785 4486
5158 4487
3953 4488
1575 4489
3916 4490
2742 4491
3124 4492
6131 4493
1710 4494
3548 4495
3518 4496
1231 4497
353 4498
2248 4499
4337 4500
2078 4501
3889 4502
2490 4503
343 4504
4447 4505
5215 4506
86 4507
1398 4508
2316 4509
2737 4510
702 4511
531 4512
5164 4513
2516 4514
3609 4515
2563 4516
3486 4517
4020 4518
3643 4519
1719 4520
820 4521
2839 4522
1900 4523
3211 4524
7164 4525
7301 4526
1489 4527
272 4528
5704 4529
5700 4530
6587 4531
1980 4532
1446 4533
7509 4534
1476 4535
3430 4536
2530 4537
6061 4538
3221 4539
3831 4540
3303 4541
6215 4542
3302 4543
3852 4544
2682 4545
2623 4546
91 4547
829 4548
2650 4549
466 4550
1237 4551
5175 4552
174 4553
6763 4554
6492 4555
7384 4556
7376 4557
7374 4558
7377 4559
4030 4560
3148 4561
5090 4562
4376 4563
5209 4564
4379 4565
2632 4566
3986 4567
4378 4568
1802 4569
6274 4570
7233 4571
4075 4572
7270 4573
3451 4574
4188 4575
3553 4576
7142 4577
3256 4578
529 4579
7145 4580
1896 4581
2052 4582
2864 4583
5433 4584
6892 4585
7068 4586
2153 4587
700 4588
4662 4589
7193 4590
7248 4591
1327 4592
2825 4593
2613 4594
127 4595
2143 4596
3410 4597
1256 4598
2615 4599
4683 4600
3016 4601
2971 4602
2667 4603
4839 4604
1488 4605
94 4606
4625 4607
5901 4608
6537 4609
4270 4610
4271 4611
4887 4612
6841 4613
6655 4614
7398 4615
4348 4616
7327 4617
7125 4618
6993 4619
3799 4620
2566 4621
5351 4622
5830 4623
5863 4624
5983 4625
5234 4626
5986 4627
7378 4628
2614 4629
277 4630
2029 4631
95 4632
3812 4633
2549 4634
2845 4635
96 4636
804 4637
819 4638
1516 4639
165 4640
2116 4641
1877 4642
2250 4643
4127 4644
1775 4645
4215 4646
2469 4647
4439 4648
2879 4649
5407 4650
3899 4651
2471 4652
1320 4653
1707 4654
3023 4655
1318 4656
1076 4657
1034 4658
4403 4659
3045 4660
2523 4661
2217 4662
3025 4663
2197 4664
2199 4665
3901 4666
2339 4667
3902 4668
3898 4669
5199 4670
3178 4671
196 4672
5279 4673
1716 4674
1024 4675
616 4676
617 4677
1073 4678
1356 4679
3625 4680
225 4681
4858 4682
4543 4683
2536 4684
198 4685
803 4686
3696 4687
3711 4688
3710 4689
2196 4690
2200 4691
2361 4692
178 4693
1803 4694
224 4695
661 4696
6708 4697
7421 4698
2448 4699
3195 4700
4923 4701
1288 4702
5913 4703
824 4704
1357 4705
579 4706
6865 4707
4134 4708
2884 4709
1942 4710
3492 4711
4354 4712
2388 4713
3411 4714
2478 4715
1652 4716
1851 4717
2091 4718
2146 4719
2634 4720
1514 4721
3668 4722
3053 4723
3721 4724
4972 4725
5167 4726
4840 4727
2738 4728
3054 4729
3713 4730
4538 4731
6044 4732
5641 4733
2374 4734
142 4735
1686 4736
1939 4737
4631 4738
3429 4739
5662 4740
2080 4741
3457 4742
4949 4743
2226 4744
5154 4745
2505 4746
6317 4747
6696 4748
6373 4749
1923 4750
6311 4751
5755 4752
5427 4753
2342 4754
280 4755
3746 4756
7256 4757
518 4758
446 4759
7062 4760
3722 4761
3470 4762
1323 4763
1445 4764
5904 4765
366 4766
4088 4767
4090 4768
5968 4769
1974 4770
3478 4771
5777 4772
6944 4773
2982 4774
1887 4775
6844 4776
1524 4777
2830 4778
6269 4779
4762 4780
4052 4781
1681 4782
2155 4783
1767 4784
4669 4785
5457 4786
1196 4787
5228 4788
3174 4789
6088 4790
5346 4791
2662 4792
4554 4793
2463 4794
1384 4795
1540 4796
2092 4797
2173 4798
102 4799
2745 4800
1746 4801
3442 4802
2366 4803
3871 4804
1325 4805
3616 4806
5335 4807
1817 4808
1286 4809
4340 4810
104 4811
696 4812
729 4813
706 4814
1051 4815
2512 4816
6301 4817
6091 4818
3227 4819
105 4820
227 4821
5282 4822
3193 4823
847 4824
1170 4825
3685 4826
783 4827
210 4828
5300 4829
2234 4830
1017 4831
1014 4832
5779 4833
3345 4834
682 4835
6452 4836
568 4837
6821 4838
7467 4839
107 4840
158 4841
1279 4842
2578 4843
6793 4844
6095 4845
4851 4846
3949 4847
4085 4848
6683 4849
6557 4850
4259 4851
4656 4852
3392 4853
7117 4854
1885 4855
2996 4856
2071 4857
4182 4858
2274 4859
3262 4860
5066 4861
226 4862
6409 4863
971 4864
5074 4865
5443 4866
1801 4867
4281 4868
2286 4869
6939 4870
3601 4871
3491 4872
4312 4873
6663 4874
4356 4875
4111 4876
3408 4877
479 4878
1478 4879
1349 4880
1808 4881
3315 4882
5056 4883
3581 4884
4981 4885
6113 4886
4005 4887
6885 4888
7080 4889
2562 4890
3652 4891
1364 4892
3896 4893
1898 4894
2272 4895
133 4896
2497 4897
1764 4898
4150 4899
984 4900
3546 4901
173 4902
2021 4903
5880 4904
6963 4905
5694 4906
2121 4907
6751 4908
6745 4909
5310 4910
1536 4911
6420 4912
5530 4913
5877 4914
5813 4915
3510 4916
6886 4917
4620 4918
4226 4919
4034 4920
3940 4921
3474 4922
1400 4923
3130 4924
1145 4925
1112 4926
1081 4927
677 4928
1843 4929
2085 4930
949 4931
4407 4932
1953 4933
172 4934
5727 4935
6188 4936
1094 4937
4364 4938
1316 4939
5836 4940
1915 4941
6874 4942
4676 4943
6304 4944
6016 4945
6714 4946
3247 4947
3792 4948
3741 4949
6561 4950
396 4951
3108 4952
6357 4953
928 4954
6933 4955
586 4956
3883 4957
2301 4958
114 4959
5068 4960
4061 4961
4781 4962
4799 4963
654 4964
6782 4965
2405 4966
1559 4967
3142 4968
4804 4969
5588 4970
3795 4971
3346 4972
690 4973
4151 4974
1127 4975
1734 4976
3080 4977
3078 4978
6334 4979
4731 4980
7274 4981
7279 4982
3797 4983
3529 4984
309 4985
234 4986
1308 4987
4742 4988
2028 4989
2186 4990
3450 4991
4473 4992
3454 4993
3449 4994
4456 4995
5478 4996
5061 4997
3885 4998
2538 4999
6238 5000
3369 5001
6221 5002
1068 5003
2278 5004
6437 5005
3367 5006
3011 5007
1285 5008
608 5009
3970 5010
645 5011
1599 5012
5801 5013
2009 5014
4435 5015
4995 5016
3086 5017
4581 5018
6477 5019
3489 5020
1590 5021
1141 5022
3954 5023
1282 5024
2030 5025
4298 5026
3515 5027
4361 5028
7177 5029
7349 5030
725 5031
607 5032
3893 5033
1521 5034
559 5035
4524 5036
1881 5037
4675 5038
2568 5039
2924 5040
1543 5041
833 5042
2803 5043
7434 5044
7522 5045
4208 5046
4308 5047
4973 5048
2201 5049
4827 5050
7027 5051
1278 5052
5856 5053
6797 5054
202 5055
6707 5056
6213 5057
4746 5058
4757 5059
5102 5060
6435 5061
7039 5062
5703 5063
1505 5064
7314 5065
122 5066
2369 5067
5646 5068
6834 5069
7153 5070
1553 5071
188 5072
257 5073
276 5074
1884 5075
697 5076
1277 5077
1227 5078
6242 5079
3875 5080
1452 5081
1394 5082
3485 5083
2597 5084
5152 5085
5878 5086
124 5087
5172 5088
7043 5089
1204 5090
815 5091
3149 5092
125 5093
2090 5094
2001 5095
6121 5096
3351 5097
131 5098
3070 5099
2716 5100
1651 5101
2599 5102
3790 5103
611 5104
135 5105
1756 5106
3185 5107
4960 5108
1385 5109
3838 5110
284 5111
5523 5112
230 5113
2455 5114
3204 5115
5224 5116
5036 5117
4932 5118
5906 5119
4463 5120
6586 5121
7159 5122
6028 5123
4395 5124
5991 5125
7245 5126
7411 5127
7534 5128
3038 5129
7539 5130
7541 5131
908 5132
2546 5133
7527 5134
7526 5135
1591 5136
4093 5137
2167 5138
2023 5139
4157 5140
5157 5141
5815 5142
2643 5143
4689 5144
6765 5145
542 5146
543 5147
713 5148
1759 5149
128 5150
1944 5151
4039 5152
714 5153
5519 5154
534 5155
1409 5156
5859 5157
1435 5158
1425 5159
1281 5160
698 5161
532 5162
130 5163
215 5164
3179 5165
3839 5166
5774 5167
5546 5168
5559 5169
1622 5170
3463 5171
426 5172
7463 5173
3226 5174
594 5175
2305 5176
2637 5177
875 5178
1283 5179
7497 5180
3782 5181
4317 5182
132 5183
610 5184
4874 5185
1673 5186
2181 5187
869 5188
243 5189
4854 5190
953 5191
2946 5192
4999 5193
4048 5194
6546 5195
977 5196
3305 5197
4974 5198
6403 5199
4304 5200
5452 5201
2138 5202
4819 5203
4679 5204
5515 5205
4831 5206
5931 5207
1773 5208
6947 5209
6471 5210
3703 5211
3017 5212
6842 5213
6476 5214
6733 5215
4975 5216
3567 5217
2936 5218
1663 5219
2163 5220
4634 5221
7119 5222
4179 5223
5522 5224
2313 5225
1138 5226
4180 5227
6407 5228
5020 5229
3172 5230
449 5231
5338 5232
6034 5233
4334 5234
7227 5235
6881 5236
3706 5237
7181 5238
6896 5239
7182 5240
6893 5241
5717 5242
6391 5243
4779 5244
5084 5245
7190 5246
6880 5247
7012 5248
7100 5249
7197 5250
6920 5251
6882 5252
2252 5253
1544 5254
5477 5255
5393 5256
5126 5257
6228 5258
4074 5259
2235 5260
2317 5261
6501 5262
2049 5263
3844 5264
879 5265
6089 5266
6277 5267
6358 5268
7202 5269
4980 5270
3560 5271
6753 5272
6813 5273
2587 5274
3206 5275
1975 5276
574 5277
6023 5278
4289 5279
5384 5280
4335 5281
2309 5282
1122 5283
5138 5284
3637 5285
5396 5286
6432 5287
4209 5288
2602 5289
3956 5290
324 5291
452 5292
143 5293
448 5294
4527 5295
441 5296
405 5297
1328 5298
540 5299
2540 5300
1892 5301
1165 5302
1657 5303
6196 5304
788 5305
3836 5306
431 5307
6037 5308
6901 5309
5514 5310
5958 5311
3807 5312
6505 5313
5259 5314
5320 5315
5516 5316
6737 5317
5202 5318
6380 5319
6738 5320
6870 5321
480 5322
5672 5323
6868 5324
6869 5325
6740 5326
7195 5327
6139 5328
4277 5329
6668 5330
4276 5331
6254 5332
4608 5333
6438 5334
2915 5335
148 5336
4555 5337
2008 5338
7120 5339
4979 5340
1485 5341
7216 5342
7234 5343
3820 5344
6599 5345
6641 5346
922 5347
2148 5348
211 5349
3587 5350
1538 5351
876 5352
1298 5353
2302 5354
6249 5355
5211 5356
854 5357
6372 5358
2551 5359
6627 5360
1800 5361
3933 5362
4866 5363
312 5364
5995 5365
3197 5366
1683 5367
883 5368
2073 5369
2583 5370
4076 5371
539 5372
3365 5373
4077 5374
6781 5375
2752 5376
5009 5377
1486 5378
5444 5379
1597 5380
1598 5381
5791 5382
4035 5383
5792 5384
3904 5385
3619 5386
4794 5387
4251 5388
152 5389
2010 5390
2559 5391
1835 5392
2784 5393
3765 5394
2053 5395
3436 5396
1601 5397
6279 5398
6564 5399
910 5400
913 5401
2482 5402
2476 5403
2277 5404
2763 5405
3695 5406
2661 5407
2914 5408
1704 5409
4682 5410
1135 5411
5016 5412
6423 5413
5786 5414
2223 5415
6455 5416
6457 5417
6614 5418
7011 5419
844 5420
666 5421
4987 5422
1644 5423
3665 5424
6975 5425
1456 5426
1198 5427
7382 5428
7510 5429
150 5430
1849 5431
5385 5432
459 5433
4977 5434
3894 5435
1183 5436
4117 5437
679 5438
2588 5439
4083 5440
1197 5441
2180 5442
3762 5443
155 5444
2787 5445
4060 5446
3488 5447
5041 5448
4510 5449
5203 5450
4492 5451
5618 5452
5377 5453
5585 5454
4138 5455
5217 5456
4895 5457
4531 5458
2461 5459
362 5460
1137 5461
6662 5462
5583 5463
5819 5464
7077 5465
1083 5466
4506 5467
4497 5468
4511 5469
4496 5470
2554 5471
6676 5472
4588 5473
4494 5474
5110 5475
7457 5476
4740 5477
571 5478
2075 5479
2506 5480
3865 5481
2159 5482
4575 5483
3611 5484
613 5485
5698 5486
6615 5487
6406 5488
7437 5489
7418 5490
157 5491
7005 5492
1869 5493
403 5494
2063 5495
2456 5496
1465 5497
4006 5498
3534 5499
5194 5500
3535 5501
2130 5502
3239 5503
5262 5504
5263 5505
4143 5506
3109 5507
7022 5508
5649 5509
6229 5510
5615 5511
5119 5512
1698 5513
6669 5514
2142 5515
3368 5516
5873 5517
906 5518
3260 5519
1115 5520
5446 5521
6080 5522
4690 5523
5356 5524
3525 5525
4983 5526
5221 5527
6286 5528
2198 5529
6508 5530
2174 5531
7273 5532
6938 5533
5031 5534
5218 5535
7179 5536
5265 5537
337 5538
1973 5539
1983 5540
5742 5541
1129 5542
935 5543
5680 5544
6369 5545
2020 5546
4843 5547
2157 5548
4108 5549
4673 5550
7126 5551
4738 5552
4477 5553
4668 5554
3469 5555
4601 5556
4704 5557
1072 5558
3407 5559
2026 5560
4332 5561
3905 5562
1987 5563
2412 5564
3854 5565
541 5566
909 5567
320 5568
329 5569
1390 5570
7213 5571
1547 5572
5772 5573
6271 5574
6209 5575
6166 5576
5954 5577
4586 5578
1479 5579
5751 5580
2324 5581
4922 5582
2098 5583
4587 5584
5459 5585
5602 5586
5735 5587
4502 5588
5794 5589
5347 5590
4505 5591
4504 5592
4287 5593
3740 5594
1449 5595
1927 5596
2818 5597
4500 5598
408 5599
3066 5600
5773 5601
6346 5602
6216 5603
1491 5604
2219 5605
3783 5606
5740 5607
2847 5608
6824 5609
6362 5610
6884 5611
429 5612
3720 5613
1789 5614
2679 5615
301 5616
621 5617
3042 5618
1484 5619
1701 5620
2733 5621
2436 5622
967 5623
339 5624
2036 5625
465 5626
3634 5627
5600 5628
3599 5629
4268 5630
717 5631
5123 5632
1993 5633
1649 5634
535 5635
437 5636
1464 5637
5139 5638
857 5639
1027 5640
184 5641
161 5642
626 5643
4174 5644
297 5645
2729 5646
390 5647
4903 5648
4764 5649
2195 5650
1730 5651
1371 5652
6004 5653
1459 5654
860 5655
3307 5656
5903 5657
6970 5658
6433 5659
7288 5660
164 5661
968 5662
1799 5663
6107 5664
4058 5665
2919 5666
4141 5667
674 5668
3462 5669
786 5670
6510 5671
2498 5672
5981 5673
6064 5674
3585 5675
6826 5676
4628 5677
7366 5678
5399 5679
3712 5680
2203 5681
848 5682
4702 5683
4678 5684
4113 5685
4002 5686
1154 5687
769 5688
5142 5689
3660 5690
251 5691
5598 5692
3628 5693
841 5694
3565 5695
5914 5696
3564 5697
1960 5698
4499 5699
7046 5700
7511 5701
4860 5702
4380 5703
6902 5704
7010 5705
5668 5706
1366 5707
1875 5708
438 5709
6192 5710
6093 5711
5363 5712
4921 5713
4272 5714
878 5715
889 5716
2415 5717
2537 5718
3055 5719
3102 5720
1458 5721
197 5722
823 5723
1810 5724
1291 5725
1692 5726
298 5727
3511 5728
3306 5729
2152 5730
2013 5731
3881 5732
4136 5733
3769 5734
4189 5735
1937 5736
5842 5737
3943 5738
1503 5739
4846 5740
4856 5741
2273 5742
1033 5743
3833 5744
4848 5745
4844 5746
2435 5747
4528 5748
4568 5749
6752 5750
1311 5751
2840 5752
5905 5753
6303 5754
5659 5755
2214 5756
5257 5757
2823 5758
3584 5759
765 5760
6292 5761
6186 5762
4720 5763
2713 5764
5848 5765
6315 5766
6984 5767
6630 5768
4480 5769
1451 5770
6386 5771
6735 5772
7065 5773
6937 5774
7347 5775
3146 5776
5113 5777
5684 5778
5934 5779
5002 5780
2206 5781
5288 5782
5486 5783
2881 5784
2373 5785
2931 5786
2732 5787
423 5788
472 5789
2673 5790
2771 5791
2122 5792
4365 5793
6100 5794
1262 5795
5177 5796
213 5797
1317 5798
4696 5799
1978 5800
1307 5801
4558 5802
1271 5803
6968 5804
5743 5805
5745 5806
6102 5807
5030 5808
6517 5809
6895 5810
6428 5811
5260 5812
6629 5813
267 5814
6659 5815
5538 5816
7008 5817
1481 5818
1788 5819
2866 5820
4661 5821
1571 5822
664 5823
7093 5824
7178 5825
3957 5826
2979 5827
7307 5828
3727 5829
3728 5830
5673 5831
7478 5832
1469 5833
5475 5834
3726 5835
6309 5836
3723 5837
5166 5838
2048 5839
4501 5840
5620 5841
5155 5842
4503 5843
5731 5844
3319 5845
3544 5846
2885 5847
6189 5848
6539 5849
6666 5850
360 5851
3153 5852
3791 5853
5907 5854
5890 5855
1031 5856
7300 5857
552 5858
239 5859
573 5860
5556 5861
5912 5862
4210 5863
7059 5864
2462 5865
5219 5866
5761 5867
5667 5868
5037 5869
5893 5870
1926 5871
3041 5872
3573 5873
2999 5874
4465 5875
2714 5876
1035 5877
4396 5878
6046 5879
3888 5880
1581 5881
2459 5882
2770 5883
1913 5884
865 5885
2100 5886
3620 5887
2417 5888
1510 5889
2734 5890
3923 5891
1448 5892
1630 5893
3402 5894
5256 5895
2210 5896
5236 5897
4493 5898
6632 5899
4560 5900
576 5901
5497 5902
6285 5903
3499 5904
5678 5905
5650 5906
6833 5907
1267 5908
954 5909
6590 5910
6325 5911
6322 5912
5818 5913
5738 5914
5067 5915
4956 5916
4955 5917
4953 5918
4009 5919
3372 5920
2489 5921
6951 5922
5993 5923
4216 5924
5716 5925
3166 5926
6967 5927
6966 5928
4565 5929
6705 5930
5756 5931
5946 5932
5566 5933
5567 5934
4278 5935
4727 5936
5594 5937
4041 5938
4040 5939
1362 5940
2043 5941
338 5942
802 5943
5940 5944
3065 5945
6547 5946
4670 5947
989 5948
5464 5949
6376 5950
7017 5951
7092 5952
5872 5953
7037 5954
6950 5955
5627 5956
5584 5957
7173 5958
7112 5959
5428 5960
5281 5961
4000 5962
2440 5963
1925 5964
5894 5965
1554 5966
6342 5967
6849 5968
6345 5969
7078 5970
6114 5971
2293 5972
3062 5973
4547 5974
3764 5975
6172 5976
5403 5977
4305 5978
177 5979
417 5980
3246 5981
1337 5982
1336 5983
1589 5984
4306 5985
5544 5986
4593 5987
4900 5988
4399 5989
6169 5990
5326 5991
4353 5992
2978 5993
6387 5994
1712 5995
1714 5996
7149 5997
6469 5998
6470 5999
1688 6000
3010 6001
1028 6002
1192 6003
892 6004
3088 6005
4095 6006
2703 6007
1623 6008
1790 6009
4544 6010
3154 6011
2450 6012
171 6013
4948 6014
5623 6015
192 6016
4752 6017
5078 6018
6168 6019
4326 6020
5465 6021
3683 6022
5577 6023
2291 6024
3734 6025
4959 6026
175 6027
3273 6028
6664 6029
6673 6030
6130 6031
3805 6032
4573 6033
863 6034
2134 6035
2349 6036
1852 6037
3419 6038
1691 6039
4777 6040
2687 6041
5653 6042
394 6043
4135 6044
3230 6045
6300 6046
2006 6047
6299 6048
4877 6049
663 6050
1785 6051
5303 6052
549 6053
1675 6054
1619 6055
1635 6056
1386 6057
1169 6058
1098 6059
455 6060
421 6061
1368 6062
629 6063
637 6064
2124 6065
1461 6066
3037 6067
2480 6068
3147 6069
3173 6070
2900 6071
1195 6072
593 6073
2751 6074
460 6075
2867 6076
2300 6077
469 6078
2899 6079
2573 6080
1888 6081
852 6082
4249 6083
5208 6084
3225 6085
918 6086
3562 6087
2706 6088
4185 6089
1886 6090
964 6091
5250 6092
6086 6093
4454 6094
3335 6095
387 6096
5339 6097
2592 6098
3484 6099
2898 6100
3414 6101
614 6102
4833 6103
194 6104
190 6105
218 6106
7033 6107
5645 6108
6932 6109
4710 6110
1603 6111
1607 6112
369 6113
1592 6114
1593 6115
1726 6116
3313 6117
1779 6118
5549 6119
4677 6120
1628 6121
5392 6122
445 6123
3433 6124
4295 6125
923 6126
6236 6127
5376 6128
1727 6129
5798 6130
1916 6131
6025 6132
191 6133
1124 6134
1938 6135
4906 6136
7045 6137
4120 6138
1387 6139
3482 6140
5274 6141
4273 6142
536 6143
6757 6144
4800 6145
6493 6146
7038 6147
6276 6148
4452 6149
4130 6150
1634 6151
1762 6152
5025 6153
3576 6154
1766 6155
6465 6156
1587 6157
2362 6158
1230 6159
2129 6160
2842 6161
3048 6162
2410 6163
3588 6164
925 6165
4937 6166
4643 6167
1276 6168
4864 6169
1567 6170
5916 6171
1257 6172
1537 6173
3993 6174
5970 6175
2109 6176
4735 6177
5307 6178
1854 6179
295 6180
3044 6181
1583 6182
3443 6183
5664 6184
5230 6185
1997 6186
306 6187
2704 6188
2693 6189
333 6190
1351 6191
4491 6192
2772 6193
6965 6194
1566 6195
5426 6196
5410 6197
6237 6198
6239 6199
6814 6200
1861 6201
1249 6202
3737 6203
4935 6204
2344 6205
4164 6206
7412 6207
2671 6208
2137 6209
241 6210
263 6211
3446 6212
5661 6213
1151 6214
2194 6215
6002 6216
389 6217
418 6218
4488 6219
2781 6220
3287 6221
4092 6222
4071 6223
4537 6224
4212 6225
1771 6226
1833 6227
885 6228
5692 6229
5364 6230
4220 6231
5129 6232
2211 6233
5130 6234
2680 6235
4583 6236
5532 6237
5182 6238
4703 6239
6194 6240
6349 6241
2034 6242
207 6243
1331 6244
5502 6245
2164 6246
2429 6247
439 6248
3632 6249
891 6250
1061 6251
2504 6252
6219 6253
5159 6254
3352 6255
1374 6256
3606 6257
1295 6258
7118 6259
6419 6260
2420 6261
3636 6262
5858 6263
789 6264
762 6265
2414 6266
812 6267
671 6268
768 6269
839 6270
744 6271
770 6272
760 6273
1908 6274
1431 6275
522 6276
5101 6277
6327 6278
4767 6279
5715 6280
321 6281
5714 6282
6559 6283
2807 6284
2141 6285
3915 6286
2749 6287
2647 6288
1782 6289
999 6290
4401 6291
4155 6292
5746 6293
4329 6294
3131 6295
4638 6296
1863 6297
2189 6298
3395 6299
1471 6300
3019 6301
3093 6302
3502 6303
1321 6304
3266 6305
1830 6306
1200 6307
2805 6308
4330 6309
2213 6310
7115 6311
4772 6312
2719 6313
4928 6314
1109 6315
506 6316
1153 6317
5267 6318
1509 6319
261 6320
740 6321
2037 6322
1971 6323
4850 6324
1430 6325
221 6326
2383 6327
2279 6328
3627 6329
1188 6330
5876 6331
1480 6332
6059 6333
222 6334
352 6335
2076 6336
5401 6337
7061 6338
2955 6339
2325 6340
1563 6341
4196 6342
6382 6343
383 6344
5824 6345
6962 6346
6529 6347
5440 6348
6812 6349
5117 6350
1640 6351
3238 6352
4333 6353
2149 6354
3403 6355
2304 6356
4787 6357
5253 6358
6278 6359
2193 6360
7357 6361
6340 6362
1293 6363
3281 6364
6996 6365
6443 6366
6464 6367
7250 6368
5191 6369
773 6370
764 6371
753 6372
738 6373
373 6374
726 6375
1180 6376
1423 6377
688 6378
514 6379
533 6380
1432 6381
761 6382
1056 6383
797 6384
930 6385
737 6386
2267 6387
1739 6388
809 6389
3116 6390
515 6391
791 6392
516 6393
709 6394
273 6395
716 6396
826 6397
2895 6398
1417 6399
2058 6400
3318 6401
675 6402
1174 6403
511 6404
718 6405
1177 6406
724 6407
699 6408
757 6409
747 6410
708 6411
1822 6412
1752 6413
3114 6414
1176 6415
513 6416
752 6417
1411 6418
3276 6419
530 6420
777 6421
2925 6422
1045 6423
1416 6424
693 6425
670 6426
502 6427
710 6428
240 6429
235 6430
639 6431
4591 6432
2284 6433
1118 6434
1194 6435
1728 6436
270 6437
236 6438
1164 6439
4847 6440
6518 6441
6832 6442
402 6443
4166 6444
2389 6445
237 6446
1070 6447
2591 6448
6526 6449
618 6450
1142 6451
837 6452
1610 6453
3098 6454
1666 6455
349 6456
3254 6457
1393 6458
2042 6459
1611 6460
3788 6461
3617 6462
3325 6463
4571 6464
6506 6465
2488 6466
6314 6467
1848 6468
2883 6469
2795 6470
751 6471
517 6472
1751 6473
707 6474
1823 6475
766 6476
772 6477
5449 6478
3309 6479
2794 6480
1057 6481
742 6482
806 6483
810 6484
843 6485
3861 6486
796 6487
755 6488
1053 6489
1821 6490
3867 6491
245 6492
694 6493
1055 6494
4761 6495
6176 6496
2242 6497
790 6498
4152 6499
5170 6500
3895 6501
1179 6502
1182 6503
1723 6504
2789 6505
3437 6506
3552 6507
244 6508
4888 6509
5564 6510
630 6511
6577 6512
7324 6513
6657 6514
7082 6515
7438 6516
1605 6517
6448 6518
6538 6519
4014 6520
6742 6521
406 6522
2973 6523
7516 6524
6741 6525
7519 6526
7517 6527
6503 6528
2315 6529
443 6530
2011 6531
6804 6532
303 6533
7313 6534
950 6535
5628 6536
4641 6537
2035 6538
1841 6539
4377 6540
5355 6541
4375 6542
4381 6543
6500 6544
6298 6545
5043 6546
1713 6547
2254 6548
4694 6549
4533 6550
5551 6551
5342 6552
893 6553
3786 6554
5558 6555
5718 6556
3789 6557
271 6558
4905 6559
7156 6560
4241 6561
5086 6562
3176 6563
1882 6564
1218 6565
3538 6566
3341 6567
2831 6568
2022 6569
3891 6570
1062 6571
2527 6572
2746 6573
4022 6574
2425 6575
2292 6576
2969 6577
2271 6578
2318 6579
3648 6580
2061 6581
4012 6582
1450 6583
1558 6584
3999 6585
1616 6586
687 6587
5728 6588
5438 6589
794 6590
1428 6591
5414 6592
7025 6593
612 6594
1627 6595
4947 6596
5226 6597
5576 6598
6687 6599
6394 6600
6378 6601
2491 6602
6231 6603
6524 6604
2817 6605
3495 6606
256 6607
3704 6608
3293 6609
367 6610
3389 6611
5104 6612
3751 6613
4549 6614
1159 6615
3228 6616
1105 6617
5404 6618
6280 6619
6332 6620
6584 6621
7076 6622
3803 6623
835 6624
3828 6625
2741 6626
5237 6627
7054 6628
5589 6629
1013 6630
1399 6631
412 6632
4719 6633
1669 6634
5360 6635
2821 6636
2532 6637
2202 6638
3539 6639
1992 6640
5925 6641
6140 6642
6240 6643
2493 6644
1708 6645
3250 6646
5809 6647
6120 6648
5593 6649
6770 6650
4838 6651
4842 6652
2848 6653
6098 6654
1395 6655
606 6656
1426 6657
4788 6658
7171 6659
7231 6660
7023 6661
415 6662
7111 6663
7436 6664
7429 6665
7086 6666
6811 6667
4107 6668
4397 6669
3497 6670
5754 6671
6316 6672
1233 6673
6749 6674
7127 6675
3072 6676
481 6677
3813 6678
6889 6679
2590 6680
3150 6681
1359 6682
2033 6683
1880 6684
938 6685
2726 6686
2652 6687
3441 6688
2320 6689
274 6690
1410 6691
2238 6692
4213 6693
1123 6694
2849 6695
1065 6696
1066 6697
1304 6698
2711 6699
944 6700
4904 6701
973 6702
3757 6703
4207 6704
4901 6705
4148 6706
4444 6707
701 6708
278 6709
904 6710
500 6711
2379 6712
3220 6713
1213 6714
3701 6715
5071 6716
3697 6717
6159 6718
5135 6719
281 6720
5248 6721
4576 6722
1093 6723
3543 6724
947 6725
5974 6726
2710 6727
4283 6728
4598 6729
4596 6730
282 6731
5394 6732
4976 6733
7121 6734
2216 6735
2543 6736
5560 6737
3304 6738
1818 6739
750 6740
5054 6741
1738 6742
4968 6743
3758 6744
288 6745
6980 6746
2515 6747
1769 6748
5545 6749
4816 6750
3566 6751
1104 6752
289 6753
896 6754
399 6755
3192 6756
7252 6757
291 6758
6702 6759
1645 6760
4665 6761
1678 6762
5910 6763
2253 6764
3090 6765
6361 6766
5681 6767
5682 6768
6499 6769
6999 6770
5899 6771
3604 6772
625 6773
4323 6774
4084 6775
5214 6776
4930 6777
5112 6778
5571 6779
5131 6780
392 6781
5456 6782
5124 6783
2953 6784
304 6785
5336 6786
6180 6787
901 6788
2012 6789
4153 6790
307 6791
1181 6792
6650 6793
7103 6794
6651 6795
7057 6796
7495 6797
4748 6798
7016 6799
2384 6800
644 6801
2993 6802
7328 6803
2233 6804
414 6805
3082 6806
1609 6807
327 6808
4756 6809
4122 6810
4939 6811
641 6812
3435 6813
6099 6814
6417 6815
903 6816
2441 6817
2296 6818
601 6819
2887 6820
2790 6821
5631 6822
1637 6823
1208 6824
2101 6825
1878 6826
5362 6827
5432 6828
4993 6829
5004 6830
3269 6831
2357 6832
864 6833
2326 6834
4525 6835
3946 6836
2627 6837
5821 6838
7050 6839
6552 6840
331 6841
5984 6842
6412 6843
6755 6844
4507 6845
5889 6846
6704 6847
4367 6848
6604 6849
2380 6850
1796 6851
5897 6852
5367 6853
3308 6854
1791 6855
4791 6856
1272 6857
1270 6858
4121 6859
3837 6860
6132 6861
2426 6862
946 6863
456 6864
345 6865
378 6866
3550 6867
3592 6868
6672 6869
6527 6870
6057 6871
7310 6872
1163 6873
2624 6874
5453 6875
4015 6876
3286 6877
2221 6878
6351 6879
3939 6880
3816 6881
6030 6882
7241 6883
7276 6884
7498 6885
454 6886
1224 6887
1334 6888
1125 6889
1297 6890
1254 6891
4597 6892
4594 6893
6123 6894
6015 6895
3536 6896
1695 6897
4206 6898
6207 6899
4633 6900
3892 6901
4580 6902
4725 6903
5933 6904
3960 6905
1472 6906
1114 6907
1667 6908
3959 6909
4023 6910
2522 6911
3787 6912
5543 6913
5957 6914
3415 6915
2858 6916
2857 6917
2846 6918
6623 6919
3339 6920
4946 6921
2486 6922
4236 6923
4432 6924
5517 6925
6960 6926
6453 6927
6516 6928
6959 6929
4246 6930
1705 6931
2965 6932
831 6933
488 6934
615 6935
3672 6936
4897 6937
364 6938
442 6939
1498 6940
4142 6941
591 6942
372 6943
381 6944
5395 6945
3823 6946
2453 6947
3559 6948
6414 6949
4292 6950
2055 6951
758 6952
767 6953
5028 6954
5666 6955
2502 6956
2779 6957
3357 6958
4514 6959
3574 6960
376 6961
2609 6962
1535 6963
3240 6964
1292 6965
3156 6966
572 6967
2083 6968
3157 6969
2413 6970
1186 6971
6152 6972
2338 6973
4032 6974
6124 6975
5648 6976
3882 6977
4534 6978
656 6979
384 6980
2039 6981
3846 6982
6313 6983
1780 6984
1947 6985
1624 6986
2695 6987
4115 6988
3851 6989
975 6990
2355 6991
5100 6992
3777 6993
4714 6994
388 6995
5562 6996
6224 6997
5828 6998
6150 6999
2282 7000
2096 7001
5374 7002
6494 7003
900 7004
5923 7005
2447 7006
4590 7007
3884 7008
4622 7009
393 7010
4539 7011
4548 7012
4229 7013
1815 7014
2816 7015
5838 7016
6017 7017
3640 7018
3111 7019
1798 7020
756 7021
3444 7022
5607 7023
7253 7024
6255 7025
7548 7026
2236 7027
1588 7028
2863 7029
1825 7030
1602 7031
6706 7032
3483 7033
404 7034
7332 7035
7521 7036
7481 7037
7442 7038
7518 7039
7319 7040
7520 7041
7071 7042
7439 7043
7544 7044
7408 7045
622 7046
1659 7047
1853 7048
410 7049
3186 7050
4264 7051
411 7052
4004 7053
2923 7054
6137 7055
3381 7056
6717 7057
7218 7058
2981 7059
7199 7060
3930 7061
6709 7062
4867 7063
4855 7064
5081 7065
5083 7066
5249 7067
6616 7068
6312 7069
6481 7070
420 7071
507 7072
2776 7073
422 7074
7055 7075
4849 7076
474 7077
6105 7078
3941 7079
3835 7080
5304 7081
433 7082
1370 7083
2086 7084
1860 7085
1922 7086
3380 7087
3985 7088
435 7089
503 7090
7553 7091
3952 7092
1495 7093
5160 7094
4062 7095
4881 7096
3821 7097
3912 7098
2744 7099
5492 7100
5481 7101
2991 7102
3692 7103
5511 7104
5480 7105
6779 7106
6243 7107
1893 7108
2990 7109
2994 7110
6392 7111
498 7112
1007 7113
1991 7114
1401 7115
7099 7116
1158 7117
2496 7118
4878 7119
3061 7120
3732 7121
4448 7122
7413 7123
2769 7124
3890 7125
1002 7126
3527 7127
6853 7128
6214 7129
5305 7130
1832 7131
3784 7132
2064 7133
4790 7134
3024 7135
1228 7136
7203 7137
5534 7138
6713 7139
858 7140
4562 7141
1857 7142
5793 7143
2044 7144
5909 7145
4989 7146
6424 7147
2068 7148
7070 7149
4067 7150
1950 7151
461 7152
6658 7153
4715 7154
4360 7155
6233 7156
3294 7157
1525 7158
1147 7159
1185 7160
2072 7161
3602 7162
5711 7163
2684 7164
1101 7165
4069 7166
5787 7167
6928 7168
3477 7169
1189 7170
4019 7171
1870 7172
6368 7173
477 7174
4372 7175
3107 7176
6008 7177
1149 7178
2685 7179
3991 7180
4258 7181
4232 7182
4201 7183
6324 7184
6595 7185
6563 7186
7109 7187
7537 7188
4197 7189
7549 7190
3234 7191
483 7192
484 7193
6252 7194
2321 7195
5635 7196
6045 7197
489 7198
6490 7199
2541 7200
1372 7201
3520 7202
4561 7203
6290 7204
4161 7205
6783 7206
1264 7207
2626 7208
4442 7209
4569 7210
5023 7211
2813 7212
5485 7213
2399 7214
3404 7215
4616 7216
4542 7217
4617 7218
1190 7219
495 7220
5286 7221
1487 7222
5634 7223
6633 7224
4709 7225
7001 7226
745 7227
781 7228
6634 7229
5207 7230
6320 7231
792 7232
1748 7233
7297 7234
1415 7235
1747 7236
620 7237
4051 7238
3271 7239
3870 7240
711 7241
523 7242
730 7243
779 7244
689 7245
4033 7246
526 7247
499 7248
2220 7249
2654 7250
4637 7251
5365 7252
2905 7253
5059 7254
6251 7255
3418 7256
6232 7257
2975 7258
1108 7259
721 7260
508 7261
2791 7262
1060 7263
830 7264
2809 7265
1862 7266
5313 7267
3229 7268
3674 7269
6035 7270
3517 7271
3420 7272
6402 7273
4795 7274
1402 7275
4736 7276
3605 7277
6900 7278
6338 7279
6097 7280
509 7281
3136 7282
3200 7283
2967 7284
1859 7285
4325 7286
705 7287
6835 7288
5064 7289
3144 7290
6459 7291
5450 7292
2869 7293
5315 7294
2066 7295
3756 7296
2283 7297
774 7298
1625 7299
3586 7300
7034 7301
6940 7302
7200 7303
6716 7304
5608 7305
6155 7306
7032 7307
6530 7308
5837 7309
6903 7310
3808 7311
2665 7312
4876 7313
4705 7314
1936 7315
550 7316
978 7317
4257 7318
4181 7319
6181 7320
3007 7321
2862 7322
4986 7323
553 7324
4567 7325
555 7326
4237 7327
4945 7328
3635 7329
4266 7330
6785 7331
6875 7332
6926 7333
5865 7334
1979 7335
2843 7336
7053 7337
5669 7338
6125 7339
564 7340
1136 7341
7021 7342
7236 7343
6890 7344
6365 7345
6995 7346
4870 7347
5956 7348
1299 7349
4708 7350
7483 7351
582 7352
4253 7353
5053 7354
3531 7355
1347 7356
1086 7357
3662 7358
2182 7359
4589 7360
1403 7361
2820 7362
1569 7363
6952 7364
4541 7365
1144 7366
934 7367
5638 7368
1460 7369
2812 7370
2485 7371
1121 7372
4139 7373
7409 7374
6486 7375
5581 7376
4146 7377
1972 7378
1787 7379
1700 7380
2249 7381
2933 7382
1781 7383
2045 7384
3749 7385
6066 7386
5942 7387
6043 7388
3965 7389
5239 7390
5941 7391
5383 7392
6555 7393
7414 7394
2519 7395
2467 7396
6836 7397
1193 7398
2730 7399
3549 7400
2595 7401
1903 7402
2837 7403
6305 7404
1206 7405
1519 7406
5835 7407
6143 7408
3194 7409
2239 7410
2628 7411
5156 7412
6491 7413
7271 7414
2762 7415
3014 7416
1733 7417
842 7418
795 7419
7036 7420
1414 7421
6031 7422
2909 7423
2721 7424
6919 7425
6679 7426
5800 7427
1246 7428
4300 7429
1639 7430
1626 7431
3064 7432
1483 7433
6617 7434
2444 7435
2833 7436
6142 7437
4789 7438
7235 7439
4521 7440
5971 7441
3931 7442
4318 7443
1069 7444
4320 7445
3897 7446
4016 7447
7157 7448
5855 7449
3182 7450
5246 7451
1786 7452
5386 7453
6545 7454
1648 7455
2841 7456
3989 7457
5834 7458
4886 7459
2056 7460
3387 7461
4415 7462
921 7463
5328 7464
4140 7465
6460 7466
2345 7467
4970 7468
2131 7469
6652 7470
623 7471
7018 7472
4797 7473
3223 7474
3095 7475
6507 7476
5776 7477
624 7478
4487 7479
633 7480
636 7481
3342 7482
6692 7483
6083 7484
4265 7485
6084 7486
4205 7487
2465 7488
1532 7489
7060 7490
1314 7491
2495 7492
5617 7493
6989 7494
2312 7495
667 7496
3417 7497
3458 7498
2997 7499
3948 7500
3666 7501
3973 7502
5420 7503
6051 7504
5006 7505
4159 7506
6661 7507
5008 7508
6297 7509
5812 7510
668 7511
4449 7512
715 7513
4936 7514
2558 7515
7106 7516
7097 7517
7144 7518
7129 7519
7124 7520
7114 7521
7192 7522
673 7523
7272 7524
7180 7525
6941 7526
7322 7527
7323 7528
7392 7529
7496 7530
7320 7531
7528 7532
7543 7533
7427 7534
1741 7535
1744 7536
798 7537
683 7538
1687 7539
7503 7540
771 7541
1107 7542
4344 7543
5996 7544
4563 7545
3747 7546
7041 7547
7056 7548
5806 7549
5488 7550
3251 7551
7088 7552
4603 7553
695 7554
703 7555
836 7556
3164 7557
3530 7558
2290 7559
4810 7560
6009 7561
5851 7562
5961 7563
7460 7564
7188 7565
4552 7566
2766 7567
7139 7568
6698 7569
6574 7570
6522 7571
5334 7572
4351 7573
727 7574
6405 7575
3958 7576
3268 7577
5725 7578
5366 7579
3771 7580
1929 7581
2348 7582
4990 7583
6054 7584
5111 7585
1015 7586
4098 7587
2341 7588
3830 7589
1918 7590
5216 7591
6819 7592
2177 7593
6558 7594
6485 7595
5626 7596
6754 7597
2564 7598
5642 7599
6273 7600
2261 7601
6678 7602
759 7603
4578 7604
1665 7605
2834 7606
3856 7607
4808 7608
1235 7609
3476 7610
4551 7611
6451 7612
7507 7613
7358 7614
7264 7615
7505 7616
7531 7617
7480 7618
7524 7619
7441 7620
7448 7621
7525 7622
7514 7623
776 7624
7459 7625
7504 7626
7321 7627
7316 7628
7261 7629
7506 7630
7490 7631
7424 7632
7081 7633
7535 7634
793 7635
2237 7636
6855 7637
5441 7638
6003 7639
2658 7640
890 7641
2360 7642
7417 7643
4256 7644
888 7645
1342 7646
2151 7647
799 7648
6971 7649
4282 7650
5679 7651
5010 7652
3886 7653
4994 7654
6134 7655
5864 7656
4468 7657
5734 7658
5503 7659
5654 7660
6454 7661
3921 7662
805 7663
3374 7664
6178 7665
2972 7666
2786 7667
3233 7668
1339 7669
821 7670
2185 7671
3370 7672
1273 7673
2920 7674
7163 7675
6509 7676
7290 7677
2853 7678
3947 7679
3202 7680
4290 7681
3126 7682
2306 7683
2724 7684
5591 7685
3860 7686
5637 7687
1839 7688
1531 7689
986 7690
832 7691
5213 7692
4495 7693
4509 7694
3966 7695
2047 7696
2501 7697
1332 7698
1375 7699
2655 7700
5708 7701
7551 7702
3955 7703
3434 7704
5085 7705
5077 7706
2171 7707
4429 7708
851 7709
2518 7710
5212 7711
5147 7712
1577 7713
5619 7714
2593 7715
945 7716
4017 7717
4671 7718
6760 7719
5044 7720
3257 7721
3774 7722
2605 7723
6878 7724
5663 7725
6877 7726
4419 7727
5820 7728
5358 7729
3554 7730
7172 7731
6310 7732
2270 7733
5437 7734
7075 7735
7031 7736
2458 7737
3988 7738
5419 7739
6764 7740
3950 7741
7026 7742
2464 7743
4147 7744
1928 7745
1876 7746
4853 7747
7246 7748
4730 7749
7254 7750
4966 7751
4940 7752
1242 7753
4400 7754
897 7755
4409 7756
2473 7757
5283 7758
912 7759
4523 7760
4958 7761
7533 7762
3649 7763
7356 7764
7344 7765
6969 7766
7547 7767
7554 7768
7550 7769
7360 7770
7455 7771
7405 7772
6160 7773
6766 7774
7452 7775
7343 7776
7555 7777
6282 7778
7266 7779
4285 7780
6982 7781
2666 7782
5869 7783
6348 7784
5977 7785
2431 7786
5766 7787
1338 7788
4540 7789
7500 7790
1570 7791
7207 7792
932 7793
1268 7794
2347 7795
6307 7796
4339 7797
3371 7798
1874 7799
5341 7800
6185 7801
3793 7802
4869 7803
931 7804
3075 7805
3391 7806
4626 7807
3282 7808
937 7809
1207 7810
3540 7811
943 7812
7348 7813
957 7814
1826 7815
1369 7816
1729 7817
4296 7818
3115 7819
4566 7820
5273 7821
960 7822
974 7823
6983 7824
5460 7825
4373 7826
4169 7827
1696 7828
1638 7829
1354 7830
1842 7831
4302 7832
3759 7833
3981 7834
1039 7835
3917 7836
7191 7837
3481 7838
5312 7839
1199 7840
7194 7841
1269 7842
1757 7843
4028 7844
6065 7845
5421 7846
6739 7847
2782 7848
3455 7849
1004 7850
6308 7851
5079 7852
4692 7853
6474 7854
6175 7855
5733 7856
6177 7857
2882 7858
2231 7859
2190 7860
5348 7861
6693 7862
4321 7863
5411 7864
6450 7865
7152 7866
6104 7867
6108 7868
6355 7869
1050 7870
1064 7871
4713 7872
5972 7873
5915 7874
5014 7875
1689 7876
4609 7877
6544 7878
4836 7879
4238 7880
5951 7881
2089 7882
6823 7883
4433 7884
1096 7885
3063 7886
4462 7887
6024 7888
1550 7889
4770 7890
7186 7891
6829 7892
6096 7893
5932 7894
5508 7895
6379 7896
4309 7897
6954 7898
6374 7899
7426 7900
3780 7901
3775 7902
1434 7903
3781 7904
6883 7905
6680 7906
5575 7907
6769 7908
4371 7909
4753 7910
4646 7911
7396 7912
1133 7913
1134 7914
6235 7915
6056 7916
7311 7917
4604 7918
6608 7919
2878 7920
2977 7921
6685 7922
7229 7923
7293 7924
2172 7925
6147 7926
2168 7927
5171 7928
6580 7929
2811 7930
3849 7931
5080 7932
5289 7933
6631 7934
6205 7935
5973 7936
6416 7937
3141 7938
6225 7939
3557 7940
4516 7941
6182 7942
3848 7943
4053 7944
3681 7945
5482 7946
4775 7947
3725 7948
3356 7949
5089 7950
6359 7951
2510 7952
4472 7953
5284 7954
6625 7955
5423 7956
7208 7957
1148 7958
3060 7959
1250 7960
6439 7961
4362 7962
5038 7963
1152 7964
2443 7965
3091 7966
1156 7967
6381 7968
4227 7969
7150 7970
5510 7971
7214 7972
1829 7973
5948 7974
4522 7975
1168 7976
3135 7977
7219 7978
6434 7979
5093 7980
2686 7981
2689 7982
4288 7983
5930 7984
5601 7985
2451 7986
5451 7987
3626 7988
3059 7989
7225 7990
1352 7991
6602 7992
5570 7993
3413 7994
2494 7995
2903 7996
5063 7997
4230 7998
1215 7999
6135 8000
6743 8001
6048 8002
7170 8003
5652 8004
1226 8005
2038 8006
6515 8007
6333 8008
7096 8009
5390 8010
2421 8011
6513 8012
1573 8013
2966 8014
4529 8015
1240 8016
3522 8017
1310 8018
3825 8019
4192 8020
2929 8021
5181 8022
3087 8023
6128 8024
5713 8025
6106 8026
3106 8027
1315 8028
4484 8029
6656 8030
2409 8031
5840 8032
7484 8033
6817 8034
5875 8035
3089 8036
3878 8037
4498 8038
5201 8039
1872 8040
3641 8041
6467 8042
6565 8043
5587 8044
5416 8045
2391 8046
6383 8047
1772 8048
6894 8049
1330 8050
3951 8051
6827 8052
3983 8053
1462 8054
1340 8055
5693 8056
2289 8057
4759 8058
4837 8059
4398 8060
5888 8061
4003 8062
4404 8063
4438 8064
5782 8065
6568 8066
6569 8067
6554 8068
6512 8069
5781 8070
6572 8071
5726 8072
5572 8073
5784 8074
5780 8075
3994 8076
3748 8077
3997 8078
4919 8079
6591 8080
5805 8081
3996 8082
3998 8083
4252 8084
6411 8085
1866 8086
1671 8087
2359 8088
3629 8089
1600 8090
2581 8091
1706 8092
1433 8093
1776 8094
5388 8095
1473 8096
1443 8097
3231 8098
7415 8099
2636 8100
5506 8101
3311 8102
2246 8103
3864 8104
7014 8105
3002 8106
5722 8107
6888 8108
7169 8109
5697 8110
5945 8111
6958 8112
7243 8113
5808 8114
7430 8115
5979 8116
6323 8117
5455 8118
4640 8119
7101 8120
5489 8121
5891 8122
7049 8123
5955 8124
6289 8125
6444 8126
6922 8127
6385 8128
6549 8129
6674 8130
6624 8131
6556 8132
4941 8133
7030 8134
6371 8135
7196 8136
3000 8137
3043 8138
1490 8139
3802 8140
3295 8141
1949 8142
2617 8143
4055 8144
3761 8145
5108 8146
1520 8147
7085 8148
5790 8149
4868 8150
6291 8151
7184 8152
3001 8153
6497 8154
2260 8155
6843 8156
6923 8157
6710 8158
6217 8159
6211 8160
5868 8161
7211 8162
3962 8163
5817 8164
6924 8165
3575 8166
4001 8167
5161 8168
6815 8169
5254 8170
1546 8171
4106 8172
5924 8173
5843 8174
1565 8175
4479 8176
5255 8177
7536 8178
2430 8179
7220 8180
4898 8181
7116 8182
6845 8183
5778 8184
1933 8185
1715 8186
1717 8187
2232 8188
2806 8189
4385 8190
3412 8191
1718 8192
3255 8193
6747 8194
7453 8195
7454 8196
7432 8197
4358 8198
4102 8199
4368 8200
2433 8201
4526 8202
1797 8203
1809 8204
6284 8205
6001 8206
4519 8207
7007 8208
5380 8209
5867 8210
4303 8211
6408 8212
4347 8213
3039 8214
3373 8215
5918 8216
2259 8217
4894 8218
3978 8219
2408 8220
7063 8221
2938 8222
3301 8223
6762 8224
6463 8225
6068 8226
6230 8227
5223 8228
3249 8229
2432 8230
3964 8231
3125 8232
6987 8233
5807 8234
7174 8235
2932 8236
6957 8237
7258 8238
6041 8239
3416 8240
2672 8241
6092 8242
6204 8243
6283 8244
6018 8245
2529 8246
6440 8247
6126 8248
5097 8249
6667 8250
6521 8251
7185 8252
6541 8253
6090 8254
5748 8255
2598 8256
7226 8257
5614 8258
3264 8259
5295 8260
7051 8261
7028 8262
6927 8263
6825 8264
6551 8265
6525 8266
7134 8267
6384 8268
4685 8269
5204 8270
6336 8271
6377 8272
3661 8273
3057 8274
5823 8275
3684 8276
3676 8277
6579 8278
7354 8279
7476 8280
7407 8281
6851 8282
7389 8283
5003 8284
5091 8285
4025 8286
3385 8287
3210 8288
6682 8289
6695 8290
3910 8291
6112 8292
7240 8293
7189 8294
5188 8295
7303 8296
7362 8297
7291 8298
7308 8299
7545 8300
7512 8301
7305 8302
7433 8303
7209 8304
7091 8305
1 8306
6904 8307
5795 8308
915 8309
2228 8310
7299 8311
2117 8312
6429 8313
6069 8314
7280 8315
6986 8316
1348 8317
6605 8318
3310 8319
7275 8320
1784 8321
556 8322
7155 8323
6863 8324
4651 8325
6613 8326
3887 8327
7140 8328
350 8329
3184 8330
2664 8331
7212 8332
3113 8333
80 8334
1631 8335
3459 8336
4198 8337
6375 8338
2184 8339
5590 8340
5737 8341
6442 8342
7312 8343
1006 8344
3698 8345
780 8346
1140 8347
6653 8348
5871 8349
1373 8350
6272 8351
2600 8352
6712 8353
5468 8354
6988 8355
5127 8356
1660 8357
6703 8358
6756 8359
7283 8360
3453 8361
6701 8362
1397 8363
4293 8364
2224 8365
3583 8366
3112 8367
5287 8368
5240 8369
2657 8370
5398 8371
98 8372
7552 8373
7141 8374
7108 8375
7206 8376
223 8377
7499 8378
5375 8379
7020 8380
6401 8381
4112 8382
3468 8383
6306 8384
4688 8385
6942 8386
6961 8387
1018 8388
1404 8389
7002 8390
4969 8391
7265 8392
7104 8393
6543 8394
453 8395
1162 8396
7237 8397
2051 8398
5573 8399
5005 8400
5553 8401
4863 8402
2438 8403
7204 8404
2402 8405
3283 8406
7113 8407
7289 8408
4453 8409
4369 8410
5082 8411
5184 8412
4103 8413
6082 8414
7338 8415
7282 8416
3190 8417
6482 8418
2018 8419
7230 8420
7422 8421
4149 8422
6732 8423
5675 8424
5238 8425
2208 8426
2422 8427
6370 8428
462 8429
1379 8430
4758 8431
649 8432
1232 8433
4556 8434
1157 8435
7359 8436
5862 8437
660 8438
3438 8439
4110 8440
6410 8441
2513 8442
2025 8443
6223 8444
5911 8445
2959 8446
1930 8447
5866 8448
5045 8449
7268 8450
4632 8451
5785 8452
5372 8453
5827 8454
2158 8455
4165 8456
2792 8457
3909 8458
7154 8459
409 8460
1996 8461
2509 8462
340 8463
355 8464
6404 8465
428 8466
5013 8467
4750 8468
4913 8469
1345 8470
6872 8471
1865 8472
1211 8473
7309 8474
6837 8475
1160 8476
4873 8477
5268 8478
7472 8479
496 8480
1732 8481
6914 8482
2750 8483
7492 8484
5505 8485
6122 8486
1376 8487
5387 8488
3505 8489
658 8490
6287 8491
4553 8492
5065 8493
5539 8494
7287 8495
7228 8496
731 8497
7222 8498
6484 8499
3421 8500
1117 8501
6786 8502
1097 8503
7391 8504
3033 8505
7474 8506
1090 8507
7468 8508
6528 8509
6746 8510
6798 8511
3232 8512
7302 8513
6991 8514
6036 8515
4991 8516
7267 8517
3456 8518
6946 8519
4574 8520
2225 8521
7470 8522
6566 8523
7183 8524
7390 8525
6197 8526
1670 8527
1545 8528
6127 8529
2423 8530
1406 8531
7072 8532
6578 8533
3475 8534
4769 8535
5671 8536
7286 8537
5767 8538
6187 8539
4706 8540
1911 8541
3321 8542
5371 8543
2995 8544
7295 8545
7003 8546
6535 8547
7260 8548
5574 8549
7361 8550
4512 8551
6997 8552
5758 8553
7346 8554
5418 8555
