1781 1001
4481 1002
3232 1003
2244 1004
518 1005
888 1006
973 1007
1311 1008
6918 1009
4647 1010
2574 1011
2845 1012
6053 1013
4439 1014
5806 1015
592 1016
3520 1017
7200 1018
6513 1019
2735 1020
7043 1021
1438 1022
5183 1023
1149 1024
1893 1025
2191 1026
4124 1027
4423 1028
6149 1029
794 1030
2399 1031
1077 1032
3033 1033
2325 1034
574 1035
3490 1036
3155 1037
4805 1038
5036 1039
2301 1040
3536 1041
5998 1042
2485 1043
4683 1044
2319 1045
5972 1046
7446 1047
4046 1048
2506 1049
952 1050
490 1051
910 1052
3633 1053
4699 1054
1211 1055
6708 1056
4056 1057
5431 1058
6700 1059
6741 1060
3294 1061
403 1062
3544 1063
6271 1064
2145 1065
489 1066
821 1067
3073 1068
3328 1069
5403 1070
1473 1071
26 1072
1605 1073
3507 1074
6091 1075
6456 1076
6492 1077
825 1078
4874 1079
1920 1080
6335 1081
5219 1082
1595 1083
2042 1084
2095 1085
3593 1086
2098 1087
3928 1088
5018 1089
4915 1090
3678 1091
5944 1092
4963 1093
2827 1094
5888 1095
1269 1096
3868 1097
134 1098
2142 1099
63 1100
6281 1101
2723 1102
4118 1103
4948 1104
1591 1105
6799 1106
5503 1107
4085 1108
7175 1109
944 1110
1467 1111
2955 1112
4485 1113
4133 1114
654 1115
876 1116
6709 1117
7341 1118
5394 1119
374 1120
4841 1121
1 1122
5977 1123
458 1124
160 1125
5041 1126
4359 1127
7149 1128
5518 1129
7103 1130
1289 1131
363 1132
4233 1133
2057 1134
51 1135
2785 1136
7094 1137
3413 1138
7199 1139
2679 1140
5746 1141
1676 1142
6589 1143
6583 1144
4746 1145
2444 1146
3782 1147
59 1148
5681 1149
6095 1150
2322 1151
3503 1152
1265 1153
336 1154
3110 1155
5547 1156
4555 1157
113 1158
1514 1159
1807 1160
4108 1161
3707 1162
2784 1163
2176 1164
5744 1165
5867 1166
3699 1167
2297 1168
6109 1169
4765 1170
2852 1171
6526 1172
6203 1173
3920 1174
5027 1175
4727 1176
1123 1177
1837 1178
2281 1179
583 1180
1449 1181
7475 1182
212 1183
3092 1184
1654 1185
5420 1186
803 1187
4091 1188
3137 1189
5889 1190
4795 1191
2451 1192
3103 1193
5910 1194
4904 1195
6070 1196
4736 1197
1764 1198
3993 1199
1148 1200
387 1201
6134 1202
6386 1203
3229 1204
1835 1205
7464 1206
6069 1207
795 1208
4270 1209
1799 1210
5099 1211
4305 1212
4306 1213
5822 1214
3405 1215
3224 1216
5563 1217
4758 1218
4764 1219
3447 1220
4566 1221
3598 1222
386 1223
6791 1224
4856 1225
4834 1226
4949 1227
449 1228
3383 1229
4361 1230
5455 1231
283 1232
15 1233
3538 1234
917 1235
4754 1236
2274 1237
6889 1238
5092 1239
2748 1240
1120 1241
4922 1242
2272 1243
1087 1244
6249 1245
2737 1246
5265 1247
2096 1248
1344 1249
2623 1250
2162 1251
5808 1252
424 1253
6044 1254
1675 1255
5477 1256
3793 1257
4035 1258
2906 1259
368 1260
384 1261
4902 1262
2818 1263
5639 1264
6370 1265
1262 1266
673 1267
6372 1268
117 1269
2501 1270
6181 1271
2654 1272
200 1273
3716 1274
5197 1275
5451 1276
2177 1277
4529 1278
4230 1279
6168 1280
128 1281
1340 1282
563 1283
5050 1284
1946 1285
4415 1286
2001 1287
5554 1288
296 1289
5023 1290
6087 1291
4538 1292
4045 1293
1992 1294
2518 1295
4164 1296
4300 1297
7096 1298
227 1299
4122 1300
738 1301
123 1302
276 1303
4889 1304
5645 1305
1407 1306
2669 1307
1081 1308
6958 1309
2224 1310
3620 1311
7511 1312
2394 1313
1068 1314
7262 1315
7314 1316
2699 1317
4513 1318
3652 1319
4370 1320
3079 1321
1490 1322
6113 1323
4616 1324
4837 1325
6231 1326
5289 1327
4461 1328
510 1329
2542 1330
6760 1331
7075 1332
277 1333
6170 1334
4121 1335
797 1336
6473 1337
5938 1338
2333 1339
3774 1340
139 1341
6582 1342
3330 1343
3273 1344
218 1345
5927 1346
3264 1347
6160 1348
5785 1349
3535 1350
3779 1351
2029 1352
1564 1353
3809 1354
2012 1355
4209 1356
4938 1357
3388 1358
7109 1359
2870 1360
726 1361
6663 1362
2711 1363
523 1364
3950 1365
6133 1366
2330 1367
4901 1368
3648 1369
3847 1370
1537 1371
5970 1372
1413 1373
6951 1374
2559 1375
3434 1376
1150 1377
5133 1378
4723 1379
5636 1380
1744 1381
4942 1382
5884 1383
5084 1384
1356 1385
550 1386
6535 1387
7357 1388
6991 1389
2923 1390
5561 1391
2070 1392
3685 1393
2436 1394
4425 1395
5934 1396
1425 1397
7539 1398
5178 1399
3831 1400
1157 1401
2243 1402
2611 1403
2828 1404
3873 1405
3382 1406
7554 1407
6881 1408
596 1409
1557 1410
865 1411
228 1412
4583 1413
5290 1414
564 1415
1140 1416
4958 1417
1453 1418
6573 1419
2032 1420
1833 1421
6043 1422
7246 1423
187 1424
6752 1425
382 1426
252 1427
5851 1428
3617 1429
2223 1430
5006 1431
1719 1432
6849 1433
1975 1434
3525 1435
1567 1436
722 1437
6788 1438
1328 1439
5767 1440
2124 1441
622 1442
3152 1443
2306 1444
4744 1445
5999 1446
7140 1447
540 1448
5439 1449
930 1450
3439 1451
1446 1452
900 1453
901 1454
6992 1455
1248 1456
5892 1457
7230 1458
7099 1459
247 1460
3734 1461
4950 1462
4539 1463
3239 1464
1727 1465
5120 1466
2419 1467
5061 1468
5417 1469
5474 1470
390 1471
6504 1472
6725 1473
4659 1474
2857 1475
3582 1476
6737 1477
2482 1478
717 1479
2893 1480
1287 1481
148 1482
893 1483
315 1484
3392 1485
1245 1486
1896 1487
687 1488
124 1489
3440 1490
4980 1491
7380 1492
4916 1493
2885 1494
705 1495
2171 1496
2222 1497
6390 1498
3151 1499
3924 1500
2767 1501
516 1502
7114 1503
3967 1504
5076 1505
6601 1506
1253 1507
3881 1508
1598 1509
292 1510
5058 1511
1272 1512
7155 1513
5459 1514
2840 1515
6297 1516
3638 1517
6564 1518
4090 1519
427 1520
1167 1521
6301 1522
898 1523
3323 1524
7551 1525
3899 1526
1552 1527
4493 1528
7069 1529
7494 1530
4158 1531
6305 1532
6426 1533
3084 1534
7004 1535
762 1536
1471 1537
2113 1538
7471 1539
7034 1540
7420 1541
4159 1542
1134 1543
5129 1544
6501 1545
996 1546
492 1547
5816 1548
3032 1549
7221 1550
2667 1551
3794 1552
3717 1553
358 1554
554 1555
1393 1556
2560 1557
3947 1558
1771 1559
341 1560
4732 1561
2046 1562
1353 1563
993 1564
3282 1565
7424 1566
2412 1567
850 1568
823 1569
7428 1570
108 1571
6593 1572
3311 1573
4234 1574
5119 1575
3247 1576
5288 1577
7502 1578
6748 1579
580 1580
768 1581
5742 1582
4428 1583
1532 1584
5057 1585
2889 1586
5552 1587
6550 1588
4259 1589
4434 1590
381 1591
3746 1592
3211 1593
886 1594
1840 1595
3911 1596
2963 1597
6340 1598
7001 1599
2261 1600
4334 1601
7367 1602
6615 1603
1515 1604
5886 1605
5771 1606
608 1607
107 1608
6956 1609
2240 1610
14 1611
419 1612
7345 1613
5981 1614
5796 1615
253 1616
2741 1617
5166 1618
5252 1619
1404 1620
3968 1621
7311 1622
2701 1623
2492 1624
4400 1625
41 1626
1124 1627
5184 1628
3529 1629
4503 1630
6006 1631
4907 1632
1062 1633
1636 1634
3227 1635
4111 1636
5764 1637
5339 1638
3588 1639
5170 1640
5313 1641
2773 1642
7030 1643
1252 1644
7445 1645
6916 1646
986 1647
6801 1648
1505 1649
3175 1650
6443 1651
7068 1652
4864 1653
301 1654
2533 1655
4039 1656
5377 1657
7295 1658
4821 1659
6768 1660
4888 1661
40 1662
7144 1663
522 1664
4578 1665
4360 1666
4187 1667
3509 1668
5001 1669
1485 1670
5052 1671
982 1672
3102 1673
4354 1674
2379 1675
7304 1676
4825 1677
3192 1678
6174 1679
2233 1680
3696 1681
1752 1682
7366 1683
3930 1684
822 1685
4671 1686
5408 1687
2318 1688
7484 1689
255 1690
1805 1691
4401 1692
7477 1693
2428 1694
6938 1695
7081 1696
4184 1697
1816 1698
2071 1699
3725 1700
170 1701
286 1702
6311 1703
834 1704
3138 1705
5672 1706
5218 1707
5411 1708
844 1709
6897 1710
5144 1711
5877 1712
502 1713
4317 1714
5818 1715
1973 1716
2971 1717
7084 1718
1346 1719
4457 1720
1076 1721
1867 1722
5550 1723
1813 1724
5294 1725
5434 1726
1200 1727
172 1728
6712 1729
4895 1730
5136 1731
2407 1732
5389 1733
3011 1734
1394 1735
746 1736
1932 1737
2728 1738
5091 1739
2472 1740
3128 1741
1976 1742
5505 1743
4258 1744
1695 1745
2768 1746
6921 1747
4742 1748
6579 1749
708 1750
6903 1751
2652 1752
856 1753
957 1754
3002 1755
6997 1756
1991 1757
3124 1758
3581 1759
4587 1760
896 1761
3233 1762
1187 1763
1624 1764
1056 1765
1035 1766
692 1767
499 1768
3071 1769
5988 1770
779 1771
4670 1772
496 1773
4771 1774
1146 1775
4041 1776
3397 1777
3181 1778
3906 1779
1889 1780
362 1781
4815 1782
751 1783
3022 1784
434 1785
1215 1786
1978 1787
4221 1788
3763 1789
2639 1790
1338 1791
5360 1792
3390 1793
512 1794
1430 1795
4190 1796
357 1797
6476 1798
1953 1799
7542 1800
612 1801
6345 1802
4556 1803
3023 1804
3200 1805
623 1806
6244 1807
6988 1808
6847 1809
5775 1810
3046 1811
7070 1812
5342 1813
6825 1814
3257 1815
4383 1816
7005 1817
3342 1818
2858 1819
892 1820
3636 1821
3749 1822
1406 1823
429 1824
6059 1825
4709 1826
3495 1827
7434 1828
3573 1829
6503 1830
4139 1831
1003 1832
1821 1833
6804 1834
5109 1835
6614 1836
5135 1837
595 1838
1288 1839
4070 1840
1712 1841
1522 1842
6320 1843
3624 1844
7202 1845
5836 1846
95 1847
2548 1848
2126 1849
5369 1850
1672 1851
777 1852
5578 1853
2099 1854
1271 1855
5192 1856
852 1857
289 1858
1273 1859
7298 1860
3448 1861
5609 1862
5413 1863
3966 1864
839 1865
3890 1866
4260 1867
6285 1868
7328 1869
4844 1870
7234 1871
74 1872
6342 1873
1083 1874
5958 1875
5969 1876
3058 1877
1176 1878
4375 1879
6308 1880
7374 1881
6266 1882
3706 1883
7258 1884
6326 1885
2417 1886
2606 1887
6781 1888
6310 1889
4188 1890
1507 1891
2583 1892
4024 1893
6932 1894
7323 1895
1812 1896
693 1897
6967 1898
5835 1899
6829 1900
3242 1901
1916 1902
158 1903
3461 1904
6907 1905
5430 1906
5330 1907
1615 1908
4296 1909
135 1910
7400 1911
5608 1912
5826 1913
2912 1914
241 1915
140 1916
3074 1917
4882 1918
1913 1919
1881 1920
7277 1921
4544 1922
5131 1923
7354 1924
3727 1925
2350 1926
1103 1927
4890 1928
6283 1929
908 1930
4273 1931
6413 1932
3489 1933
2345 1934
6165 1935
4235 1936
4266 1937
1182 1938
6699 1939
938 1940
7206 1941
4969 1942
3203 1943
5761 1944
1689 1945
7506 1946
3225 1947
5062 1948
6816 1949
2481 1950
772 1951
1242 1952
1911 1953
5783 1954
6502 1955
199 1956
5137 1957
628 1958
1489 1959
3007 1960
1996 1961
3275 1962
525 1963
6736 1964
1982 1965
7299 1966
4113 1967
1968 1968
1906 1969
955 1970
1078 1971
4000 1972
4863 1973
5862 1974
4945 1975
7055 1976
2267 1977
2083 1978
4268 1979
92 1980
5614 1981
5676 1982
5819 1983
2837 1984
5382 1985
546 1986
2615 1987
6899 1988
2934 1989
1802 1990
783 1991
2208 1992
987 1993
3524 1994
2821 1995
3349 1996
5954 1997
6567 1998
1908 1999
3060 2000
7141 2001
4324 2002
2965 2003
4881 2004
7162 2005
3145 2006
1869 2007
1422 2008
2904 2009
5782 2010
3394 2011
7455 2012
4717 2013
4071 2014
7097 2015
5568 2016
2881 2017
1401 2018
4125 2019
4802 2020
2137 2021
6001 2022
4944 2023
963 2024
1903 2025
5997 2026
2877 2027
169 2028
1241 2029
6401 2030
6551 2031
2719 2032
162 2033
2587 2034
2291 2035
2466 2036
6818 2037
2160 2038
582 2039
6066 2040
1285 2041
5985 2042
2021 2043
7378 2044
4731 2045
3659 2046
2294 2047
2465 2048
463 2049
66 2050
682 2051
4283 2052
1100 2053
1770 2054
476 2055
7283 2056
2082 2057
1006 2058
4479 2059
1843 2060
6200 2061
4109 2062
6631 2063
2341 2064
4475 2065
4468 2066
3100 2067
6521 2068
6941 2069
1207 2070
5332 2071
391 2072
1232 2073
2982 2074
3134 2075
416 2076
243 2077
4055 2078
3291 2079
5588 2080
6384 2081
2802 2082
6845 2083
1010 2084
1693 2085
2632 2086
1307 2087
1383 2088
2366 2089
4796 2090
1091 2091
3249 2092
6377 2093
4682 2094
7215 2095
4033 2096
4062 2097
6556 2098
1190 2099
4880 2100
814 2101
2976 2102
1604 2103
6169 2104
6876 2105
293 2106
5190 2107
1671 2108
3937 2109
290 2110
1016 2111
1127 2112
6483 2113
3010 2114
3476 2115
1475 2116
921 2117
1858 2118
4099 2119
7031 2120
6823 2121
5283 2122
6407 2123
1275 2124
1019 2125
4959 2126
2529 2127
5878 2128
5626 2129
6830 2130
2729 2131
3954 2132
355 2133
6500 2134
1333 2135
2604 2136
6749 2137
6193 2138
6499 2139
2916 2140
7407 2141
6767 2142
5112 2143
2569 2144
5245 2145
1037 2146
1337 2147
4778 2148
4553 2149
4256 2150
1919 2151
1890 2152
4747 2153
5617 2154
6081 2155
1985 2156
1418 2157
5804 2158
6019 2159
2736 2160
2360 2161
6688 2162
7389 2163
6857 2164
2185 2165
1274 2166
2256 2167
3238 2168
1739 2169
7508 2170
2662 2171
4738 2172
1417 2173
2957 2174
7329 2175
1387 2176
497 2177
1194 2178
488 2179
6291 2180
36 2181
2648 2182
2765 2183
5497 2184
1701 2185
2432 2186
5898 2187
5586 2188
3267 2189
2743 2190
4452 2191
2776 2192
3952 2193
4983 2194
1748 2195
4663 2196
3457 2197
5768 2198
2831 2199
3780 2200
6396 2201
2496 2202
3280 2203
437 2204
2607 2205
4894 2206
5975 2207
4557 2208
3438 2209
2608 2210
5391 2211
1721 2212
6873 2213
3401 2214
5920 2215
1014 2216
1225 2217
5176 2218
6785 2219
1508 2220
3816 2221
6685 2222
6684 2223
4504 2224
2775 2225
4602 2226
5065 2227
6359 2228
5223 2229
3897 2230
6596 2231
5846 2232
3732 2233
3435 2234
5844 2235
7182 2236
812 2237
5268 2238
2872 2239
818 2240
5189 2241
191 2242
2312 2243
456 2244
2348 2245
53 2246
5776 2247
6074 2248
2092 2249
5343 2250
4313 2251
6029 2252
2197 2253
4295 2254
4532 2255
5187 2256
7116 2257
7423 2258
7124 2259
584 2260
813 2261
6947 2262
674 2263
4058 2264
524 2265
2801 2266
6137 2267
5487 2268
5242 2269
7496 2270
5179 2271
3037 2272
2461 2273
2795 2274
6270 2275
4571 2276
112 2277
7440 2278
3359 2279
2813 2280
5538 2281
2605 2282
6617 2283
3877 2284
5298 2285
520 2286
433 2287
6808 2288
5356 2289
5900 2290
6757 2291
5375 2292
6667 2293
3078 2294
325 2295
3486 2296
2926 2297
3922 2298
6299 2299
208 2300
5593 2301
5864 2302
7333 2303
760 2304
2316 2305
3415 2306
3913 2307
2766 2308
2754 2309
4497 2310
3580 2311
644 2312
2229 2313
7062 2314
5983 2315
3915 2316
1819 2317
2511 2318
7139 2319
1831 2320
4339 2321
6187 2322
5534 2323
4384 2324
5719 2325
1645 2326
808 2327
541 2328
6357 2329
3712 2330
1778 2331
4877 2332
5305 2333
6234 2334
1371 2335
6798 2336
5229 2337
5868 2338
1199 2339
2984 2340
1435 2341
6713 2342
7171 2343
3099 2344
3090 2345
6123 2346
4998 2347
4590 2348
4586 2349
3965 2350
4211 2351
3748 2352
6186 2353
3630 2354
5333 2355
236 2356
3429 2357
1559 2358
6563 2359
1017 2360
6155 2361
4127 2362
3154 2363
6002 2364
2498 2365
4978 2366
423 2367
3982 2368
5897 2369
1209 2370
5450 2371
4633 2372
5642 2373
6126 2374
7266 2375
1535 2376
3076 2377
5324 2378
5407 2379
5402 2380
1875 2381
5310 2382
1729 2383
6869 2384
3902 2385
4664 2386
6382 2387
6936 2388
3607 2389
4715 2390
6515 2391
7046 2392
2116 2393
4519 2394
1326 2395
202 2396
1159 2397
7316 2398
4870 2399
3720 2400
4694 2401
3157 2402
3288 2403
1625 2404
5943 2405
3904 2406
968 2407
3867 2408
5311 2409
3736 2410
1750 2411
3693 2412
4364 2413
3081 2414
6625 2415
1001 2416
1899 2417
6282 2418
5059 2419
1856 2420
4307 2421
2302 2422
549 2423
6212 2424
3758 2425
3416 2426
6674 2427
4730 2428
1129 2429
5551 2430
1638 2431
7403 2432
3718 2433
2782 2434
4308 2435
1234 2436
1084 2437
1942 2438
7319 2439
6539 2440
7065 2441
2637 2442
1367 2443
2986 2444
4198 2445
413 2446
6926 2447
3479 2448
2300 2449
1424 2450
1639 2451
3932 2452
1613 2453
1373 2454
7499 2455
5473 2456
1409 2457
4831 2458
1561 2459
55 2460
7410 2461
551 2462
4960 2463
5490 2464
4526 2465
5208 2466
5723 2467
5458 2468
4957 2469
4653 2470
5691 2471
6979 2472
388 2473
2363 2474
2354 2475
1441 2476
3986 2477
7309 2478
2178 2479
4032 2480
3326 2481
54 2482
392 2483
4199 2484
4800 2485
3933 2486
2842 2487
6076 2488
7248 2489
6790 2490
5924 2491
1132 2492
5287 2493
3278 2494
3364 2495
4414 2496
2266 2497
2520 2498
4593 2499
5396 2500
4325 2501
4194 2502
3627 2503
3724 2504
7022 2505
864 2506
2631 2507
3118 2508
2163 2509
7412 2510
4017 2511
446 2512
7158 2513
3371 2514
3385 2515
5247 2516
2108 2517
3539 2518
741 2519
587 2520
6241 2521
849 2522
4440 2523
2351 2524
4629 2525
1169 2526
3159 2527
1761 2528
5721 2529
4911 2530
422 2531
6683 2532
3644 2533
7417 2534
788 2535
2259 2536
3018 2537
7555 2538
5754 2539
4029 2540
2588 2541
3230 2542
1122 2543
340 2544
1673 2545
1448 2546
5152 2547
1531 2548
4281 2549
3222 2550
6257 2551
7016 2552
2215 2553
6616 2554
2543 2555
4422 2556
2521 2557
361 2558
6449 2559
305 2560
7179 2561
2024 2562
1563 2563
159 2564
6269 2565
3639 2566
5418 2567
1641 2568
2980 2569
2597 2570
1224 2571
4987 2572
3619 2573
1082 2574
6007 2575
7012 2576
5633 2577
5188 2578
3409 2579
4156 2580
911 2581
6250 2582
2288 2583
657 2584
5931 2585
7406 2586
7007 2587
7236 2588
3487 2589
7170 2590
3335 2591
4914 2592
7231 2593
1678 2594
3144 2595
3402 2596
3362 2597
4912 2598
4637 2599
6038 2600
2918 2601
4655 2602
207 2603
4830 2604
2173 2605
1854 2606
3981 2607
7010 2608
3048 2609
1852 2610
3064 2611
3512 2612
847 2613
5941 2614
4585 2615
801 2616
6656 2617
6527 2618
4892 2619
4770 2620
2974 2621
7444 2622
2942 2623
5457 2624
7297 2625
7095 2626
1463 2627
6039 2628
2414 2629
4299 2630
742 2631
2532 2632
1795 2633
6096 2634
6650 2635
3876 2636
2486 2637
4776 2638
5665 2639
3287 2640
269 2641
3508 2642
2134 2643
992 2644
1804 2645
1904 2646
4656 2647
6883 2648
1987 2649
5706 2650
39 2651
2385 2652
5869 2653
2568 2654
2371 2655
7229 2656
1907 2657
3310 2658
4104 2659
4128 2660
1385 2661
3015 2662
5629 2663
7331 2664
405 2665
260 2666
3068 2667
937 2668
7318 2669
7320 2670
5237 2671
7356 2672
6772 2673
5704 2674
5837 2675
1643 2676
5917 2677
1751 2678
4543 2679
3217 2680
894 2681
586 2682
4982 2683
3391 2684
7463 2685
5597 2686
4820 2687
3579 2688
1776 2689
6106 2690
7546 2691
5596 2692
2402 2693
6027 2694
3810 2695
3541 2696
5123 2697
270 2698
3114 2699
591 2700
874 2701
3684 2702
22 2703
6555 2704
5805 2705
753 2706
4884 2707
2226 2708
431 2709
3740 2710
2365 2711
978 2712
6496 2713
3148 2714
3293 2715
7018 2716
5232 2717
1892 2718
6619 2719
2110 2720
4994 2721
1847 2722
3354 2723
2442 2724
3484 2725
118 2726
1628 2727
862 2728
697 2729
1994 2730
5856 2731
4251 2732
7447 2733
3019 2734
1462 2735
1334 2736
4291 2737
3801 2738
5026 2739
4011 2740
3522 2741
4350 2742
2393 2743
4120 2744
4779 2745
3813 2746
5996 2747
4567 2748
2867 2749
4575 2750
69 2751
530 2752
1586 2753
7469 2754
6963 2755
1341 2756
2443 2757
3514 2758
7138 2759
445 2760
5499 2761
417 2762
1359 2763
2468 2764
5075 2765
2285 2766
1299 2767
6770 2768
6905 2769
3540 2770
903 2771
3108 2772
6110 2773
5542 2774
1754 2775
3542 2776
6733 2777
474 2778
7368 2779
1578 2780
2671 2781
5138 2782
5359 2783
4701 2784
2494 2785
3208 2786
3741 2787
6676 2788
7278 2789
1423 2790
5930 2791
6147 2792
7118 2793
1152 2794
776 2795
7244 2796
743 2797
3412 2798
177 2799
1947 2800
1247 2801
4505 2802
7120 2803
5104 2804
931 2805
4599 2806
2434 2807
6969 2808
1943 2809
2356 2810
6365 2811
2117 2812
2128 2813
6844 2814
5284 2815
1844 2816
3713 2817
1842 2818
1937 2819
3789 2820
4004 2821
6117 2822
4828 2823
3903 2824
2864 2825
104 2826
1368 2827
3378 2828
925 2829
279 2830
7526 2831
179 2832
2724 2833
4050 2834
3039 2835
593 2836
2681 2837
210 2838
2064 2839
3623 2840
330 2841
4767 2842
3762 2843
6598 2844
3026 2845
4610 2846
1186 2847
4509 2848
6487 2849
3483 2850
5939 2851
1934 2852
349 2853
5921 2854
5470 2855
2992 2856
1658 2857
6935 2858
4514 2859
6313 2860
4644 2861
2172 2862
4167 2863
645 2864
3719 2865
5692 2866
6055 2867
6353 2868
6759 2869
5259 2870
2276 2871
6171 2872
2913 2873
4431 2874
2770 2875
303 2876
2915 2877
188 2878
504 2879
6690 2880
3885 2881
2435 2882
3829 2883
2601 2884
2618 2885
469 2886
2147 2887
6430 2888
3290 2889
4373 2890
7472 2891
4685 2892
1981 2893
3199 2894
6364 2895
2694 2896
300 2897
6939 2898
3735 2899
6228 2900
6318 2901
5316 2902
6865 2903
4714 2904
6278 2905
1038 2906
7250 2907
5890 2908
932 2909
6420 2910
7029 2911
2990 2912
280 2913
1284 2914
1314 2915
5620 2916
7460 2917
7336 2918
4064 2919
1918 2920
672 2921
4236 2922
198 2923
2166 2924
5879 2925
6866 2926
6608 2927
1047 2928
3341 2929
3170 2930
3056 2931
642 2932
3080 2933
4191 2934
3016 2935
1664 2936
1707 2937
1582 2938
1342 2939
5685 2940
84 2941
5103 2942
3117 2943
7178 2944
959 2945
4297 2946
5060 2947
7330 2948
2477 2949
2002 2950
4527 2951
338 2952
683 2953
3166 2954
1540 2955
2439 2956
3243 2957
3946 2958
3909 2959
1767 2960
5021 2961
7381 2962
1948 2963
712 2964
1570 2965
1433 2966
6901 2967
6333 2968
6533 2969
1530 2970
5811 2971
7396 2972
3218 2973
6008 2974
4606 2975
7132 2976
2115 2977
4304 2978
3989 2979
4500 2980
5726 2981
6525 2982
5151 2983
85 2984
1609 2985
5847 2986
2409 2987
6745 2988
2179 2989
4403 2990
481 2991
3020 2992
5498 2993
2972 2994
6913 2995
945 2996
878 2997
5248 2998
2190 2999
6858 3000
761 3001
2627 3002
2686 3003
3944 3004
6506 3005
4739 3006
3376 3007
3808 3008
4794 3009
3833 3010
5393 3011
2769 3012
926 3013
3417 3014
2523 3015
7458 3016
3851 3017
4382 3018
4347 3019
4823 3020
3558 3021
3898 3022
4643 3023
1369 3024
7090 3025
2772 3026
1483 3027
5198 3028
2411 3029
5628 3030
6698 3031
5500 3032
7077 3033
971 3034
2247 3035
4607 3036
1348 3037
1386 3038
2189 3039
7335 3040
5471 3041
995 3042
5043 3043
4473 3044
1044 3045
4793 3046
4854 3047
3697 3048
3916 3049
2167 3050
6395 3051
2713 3052
455 3053
3796 3054
3420 3055
2824 3056
6222 3057
7086 3058
6437 3059
5707 3060
2535 3061
6048 3062
7531 3063
5606 3064
6317 3065
6554 3066
4201 3067
2816 3068
1562 3069
4208 3070
6995 3071
5757 3072
7238 3073
4868 3074
6142 3075
1434 3076
7361 3077
2268 3078
466 3079
1959 3080
1320 3081
6929 3082
6707 3083
1698 3084
2882 3085
7177 3086
6274 3087
7409 3088
3939 3089
2709 3090
5180 3091
5341 3092
4145 3093
1414 3094
3455 3095
3777 3096
5574 3097
3246 3098
7362 3099
533 3100
875 3101
4369 3102
5745 3103
3111 3104
4435 3105
6734 3106
6635 3107
3406 3108
778 3109
3480 3110
6447 3111
3776 3112
6444 3113
3589 3114
5453 3115
73 3116
7209 3117
4581 3118
1400 3119
6011 3120
4511 3121
7291 3122
4294 3123
1825 3124
5048 3125
2349 3126
7505 3127
3848 3128
2512 3129
5186 3130
2205 3131
2720 3132
4898 3133
7201 3134
2018 3135
2159 3136
3240 3137
273 3138
1516 3139
2076 3140
1246 3141
4673 3142
2422 3143
7191 3144
2930 3145
5046 3146
1610 3147
7382 3148
544 3149
7352 3150
660 3151
2154 3152
7339 3153
4049 3154
7300 3155
7509 3156
3201 3157
4488 3158
7360 3159
5273 3160
6391 3161
267 3162
5661 3163
2880 3164
4859 3165
2450 3166
4123 3167
7024 3168
1732 3169
214 3170
7128 3171
2212 3172
3285 3173
56 3174
6691 3175
5040 3176
2370 3177
2825 3178
7082 3179
1021 3180
5149 3181
3805 3182
6630 3183
4386 3184
447 3185
5770 3186
6961 3187
6704 3188
2925 3189
3432 3190
127 3191
4290 3192
4992 3193
5130 3194
6578 3195
5894 3196
5640 3197
867 3198
1970 3199
339 3200
5266 3201
1432 3202
2855 3203
240 3204
6955 3205
114 3206
5702 3207
5088 3208
3485 3209
7344 3210
7421 3211
2028 3212
5118 3213
2656 3214
5515 3215
7457 3216
251 3217
4520 3218
2403 3219
2830 3220
3628 3221
4808 3222
4843 3223
3764 3224
5738 3225
3207 3226
11 3227
7219 3228
282 3229
461 3230
2910 3231
556 3232
6071 3233
2289 3234
2157 3235
6851 3236
6177 3237
7273 3238
880 3239
4525 3240
6288 3241
6047 3242
1197 3243
261 3244
465 3245
441 3246
3934 3247
7102 3248
6628 3249
4990 3250
1619 3251
2555 3252
7071 3253
4395 3254
4852 3255
5741 3256
5622 3257
1872 3258
2680 3259
5269 3260
5716 3261
535 3262
1303 3263
802 3264
2806 3265
1491 3266
4498 3267
7224 3268
2164 3269
6715 3270
6727 3271
6985 3272
915 3273
918 3274
6906 3275
2201 3276
2600 3277
1501 3278
7126 3279
1495 3280
5172 3281
4964 3282
6661 3283
6480 3284
1119 3285
2946 3286
486 3287
1028 3288
3714 3289
3609 3290
6215 3291
3837 3292
2143 3293
1730 3294
1158 3295
2031 3296
1520 3297
6086 3298
2865 3299
1155 3300
631 3301
27 3302
1277 3303
4298 3304
6590 3305
791 3306
17 3307
2581 3308
4278 3309
7441 3310
3277 3311
2343 3312
6477 3313
7125 3314
6694 3315
5533 3316
97 3317
3005 3318
666 3319
3422 3320
1682 3321
4215 3322
2192 3323
4405 3324
1419 3325
2237 3326
4601 3327
156 3328
5863 3329
6581 3330
6255 3331
6824 3332
5344 3333
3562 3334
5803 3335
6738 3336
5936 3337
882 3338
1513 3339
6681 3340
1790 3341
3594 3342
2751 3343
2174 3344
3931 3345
2041 3346
7061 3347
5580 3348
1198 3349
6800 3350
6528 3351
7522 3352
2026 3353
7148 3354
2841 3355
1099 3356
1511 3357
6570 3358
4613 3359
2902 3360
2664 3361
677 3362
3611 3363
7483 3364
3772 3365
453 3366
6848 3367
4368 3368
1655 3369
229 3370
6246 3371
1709 3372
1972 3373
6802 3374
4745 3375
1745 3376
4229 3377
4873 3378
3723 3379
6621 3380
6977 3381
2645 3382
3206 3383
3318 3384
2562 3385
5956 3386
5011 3387
6750 3388
3926 3389
3106 3390
2856 3391
2544 3392
451 3393
7228 3394
5907 3395
1777 3396
2138 3397
1233 3398
4634 3399
567 3400
6327 3401
2280 3402
6962 3403
1677 3404
2335 3405
5724 3406
6722 3407
25 3408
1183 3409
5932 3410
5729 3411
4377 3412
4340 3413
2594 3414
6406 3415
1679 3416
6618 3417
7064 3418
1465 3419
3315 3420
4495 3421
3592 3422
4662 3423
6811 3424
5933 3425
1603 3426
4840 3427
4708 3428
1960 3429
4314 3430
3574 3431
6912 3432
4993 3433
5440 3434
884 3435
3235 3436
2873 3437
4804 3438
6542 3439
694 3440
4726 3441
3664 3442
2304 3443
2677 3444
495 3445
4619 3446
7540 3447
7243 3448
5293 3449
6626 3450
5233 3451
3051 3452
4956 3453
3373 3454
5971 3455
2553 3456
5679 3457
1687 3458
1510 3459
109 3460
4110 3461
1575 3462
5517 3463
4114 3464
7346 3465
1008 3466
6670 3467
6534 3468
6600 3469
1456 3470
7365 3471
1694 3472
6020 3473
4196 3474
5398 3475
5081 3476
180 3477
1571 3478
2264 3479
1181 3480
470 3481
3276 3482
1460 3483
5239 3484
6104 3485
4061 3486
1517 3487
3369 3488
4363 3489
1496 3490
2006 3491
2961 3492
2007 3493
1351 3494
3742 3495
7218 3496
980 3497
5582 3498
3254 3499
4012 3500
5935 3501
7302 3502
4562 3503
6065 3504
3189 3505
5713 3506
5277 3507
3750 3508
7518 3509
3654 3510
635 3511
1518 3512
1607 3513
2973 3514
307 3515
6397 3516
1231 3517
376 3518
189 3519
324 3520
5371 3521
1663 3522
6488 3523
5659 3524
4206 3525
4318 3526
4420 3527
4040 3528
2868 3529
1175 3530
2573 3531
1983 3532
1392 3533
605 3534
3491 3535
6520 3536
5009 3537
1472 3538
1254 3539
3767 3540
5392 3541
12 3542
6208 3543
6836 3544
6339 3545
3314 3546
2445 3547
6040 3548
5146 3549
2705 3550
5378 3551
521 3552
7091 3553
4344 3554
1568 3555
1458 3556
3756 3557
7145 3558
5250 3559
5584 3560
999 3561
2892 3562
1045 3563
6082 3564
1280 3565
192 3566
6216 3567
4807 3568
5732 3569
6678 3570
4292 3571
7290 3572
7008 3573
4748 3574
6440 3575
5054 3576
1883 3577
5444 3578
1447 3579
52 3580
4136 3581
3164 3582
345 3583
1349 3584
5758 3585
4448 3586
6948 3587
3446 3588
3171 3589
6597 3590
397 3591
2812 3592
367 3593
1993 3594
2715 3595
6494 3596
2358 3597
2644 3598
2721 3599
5735 3600
997 3601
6853 3602
2563 3603
6815 3604
3781 3605
1784 3606
6753 3607
2540 3608
1480 3609
6524 3610
5171 3611
5090 3612
3454 3613
7237 3614
736 3615
352 3616
3414 3617
7377 3618
7549 3619
5205 3620
2519 3621
6252 3622
2052 3623
1803 3624
2121 3625
1301 3626
3957 3627
1450 3628
6022 3629
2065 3630
1330 3631
1048 3632
4446 3633
4762 3634
531 3635
3646 3636
7127 3637
6577 3638
5326 3639
7210 3640
831 3641
6479 3642
6949 3643
4181 3644
2962 3645
1135 3646
5162 3647
7036 3648
410 3649
206 3650
4846 3651
3101 3652
676 3653
4252 3654
7324 3655
2895 3656
6275 3657
6423 3658
6254 3659
4411 3660
1027 3661
2629 3662
4338 3663
3505 3664
4752 3665
2764 3666
809 3667
4358 3668
366 3669
4275 3670
3872 3671
297 3672
4309 3673
5314 3674
6797 3675
604 3676
2847 3677
343 3678
6454 3679
1203 3680
6888 3681
7408 3682
6620 3683
153 3684
5047 3685
1482 3686
1293 3687
6490 3688
3271 3689
5520 3690
3331 3691
3231 3692
4965 3693
5521 3694
5379 3695
2635 3696
5949 3697
5509 3698
4558 3699
484 3700
2493 3701
3213 3702
2497 3703
559 3704
1065 3705
1066 3706
4284 3707
1235 3708
2956 3709
5925 3710
793 3711
1680 3712
50 3713
6037 3714
2718 3715
5923 3716
766 3717
2997 3718
5802 3719
4716 3720
6368 3721
2513 3722
2487 3723
2783 3724
5182 3725
375 3726
4231 3727
3757 3728
7195 3729
7414 3730
5585 3731
4141 3732
5991 3733
7286 3734
3029 3735
1436 3736
5251 3737
1331 3738
1980 3739
3289 3740
1412 3741
3324 3742
4154 3743
4848 3744
3098 3745
639 3746
5689 3747
7275 3748
3358 3749
3172 3750
3317 3751
3552 3752
1457 3753
1172 3754
6523 3755
5694 3756
2761 3757
4496 3758
6842 3759
4508 3760
6923 3761
2043 3762
2133 3763
5101 3764
3998 3765
6090 3766
6560 3767
3130 3768
2908 3769
6886 3770
5107 3771
6485 3772
5511 3773
7164 3774
2391 3775
4153 3776
1782 3777
6982 3778
5683 3779
3135 3780
3404 3781
662 3782
1579 3783
2557 3784
1095 3785
2372 3786
4810 3787
1528 3788
2433 3789
6673 3790
4115 3791
7157 3792
5462 3793
4713 3794
5155 3795
5553 3796
887 3797
5658 3798
3255 3799
4612 3800
3622 3801
3866 3802
3054 3803
5094 3804
7415 3805
1494 3806
514 3807
5015 3808
6068 3809
6762 3810
5045 3811
1600 3812
2685 3813
2682 3814
1113 3815
2502 3816
2999 3817
1166 3818
6603 3819
781 3820
909 3821
3024 3822
4455 3823
688 3824
7422 3825
88 3826
3938 3827
855 3828
7310 3829
1998 3830
7544 3831
2509 3832
4605 3833
342 3834
5570 3835
2374 3836
1633 3837
4996 3838
1506 3839
5882 3840
4180 3841
6219 3842
2746 3843
1032 3844
532 3845
3835 3846
6018 3847
3956 3848
1493 3849
4891 3850
5632 3851
1365 3852
242 3853
3795 3854
4523 3855
2778 3856
1484 3857
3274 3858
2292 3859
5599 3860
4577 3861
3308 3862
2793 3863
5763 3864
3340 3865
7315 3866
4680 3867
197 3868
196 3869
3186 3870
5331 3871
4927 3872
5887 3873
5510 3874
7110 3875
7332 3876
6387 3877
4054 3878
460 3879
3785 3880
4331 3881
81 3882
3945 3883
3743 3884
6360 3885
4002 3886
4941 3887
1309 3888
2273 3889
6512 3890
3799 3891
3846 3892
6968 3893
5940 3894
4703 3895
3034 3896
3168 3897
5966 3898
4721 3899
6976 3900
5875 3901
450 3902
2922 3903
2595 3904
1834 3905
1053 3906
5400 3907
5755 3908
3910 3909
2970 3910
5623 3911
5647 3912
6374 3913
4157 3914
6826 3915
426 3916
3379 3917
1665 3918
21 3919
906 3920
4098 3921
2023 3922
5419 3923
2245 3924
6529 3925
6565 3926
842 3927
6518 3928
6412 3929
5482 3930
1762 3931
435 3932
317 3933
6434 3934
4404 3935
5472 3936
3771 3937
7308 3938
6893 3939
4407 3940
835 3941
3985 3942
152 3943
4237 3944
3888 3945
6417 3946
3955 3947
860 3948
1964 3949
2796 3950
5982 3951
4668 3952
1195 3953
380 3954
1740 3955
6549 3956
2195 3957
4076 3958
5906 3959
515 3960
3797 3961
4591 3962
4502 3963
2161 3964
4408 3965
7134 3966
6814 3967
4811 3968
6135 3969
6911 3970
3053 3971
7060 3972
6332 3973
2 3974
7235 3975
1398 3976
6669 3977
5514 3978
3389 3979
555 3980
6209 3981
961 3982
1984 3983
6062 3984
4262 3985
281 3986
3642 3987
5350 3988
4026 3989
1577 3990
287 3991
5790 3992
2791 3993
1588 3994
6411 3995
1046 3996
4531 3997
3493 3998
1454 3999
2105 4000
1415 4001
4632 4002
1884 4003
6371 4004
5657 4005
257 4006
5437 4007
2854 4008
5965 4009
5066 4010
6783 4011
2943 4012
3721 4013
719 4014
1411 4015
4010 4016
3645 4017
1219 4018
6356 4019
1887 4020
175 4021
2239 4022
6125 4023
7253 4024
2462 4025
82 4026
1642 4027
2470 4028
7497 4029
989 4030
7256 4031
2022 4032
2426 4033
6930 4034
7432 4035
1229 4036
7276 4037
4173 4038
7245 4039
3094 4040
5272 4041
1659 4042
5302 4043
1092 4044
5610 4045
1815 4046
2175 4047
6025 4048
2232 4049
2836 4050
2745 4051
2144 4052
5838 4053
6309 4054
248 4055
3825 4056
6383 4057
4642 4058
2469 4059
1244 4060
2717 4061
6056 4062
6919 4063
647 4064
7193 4065
721 4066
5037 4067
2183 4068
3811 4069
3281 4070
5100 4071
7072 4072
6922 4073
5167 4074
965 4075
209 4076
1324 4077
7481 4078
491 4079
7252 4080
133 4081
2693 4082
5387 4083
6474 4084
5108 4085
1592 4086
5028 4087
6612 4088
548 4089
4623 4090
5583 4091
4783 4092
4650 4093
6243 4094
3506 4095
769 4096
832 4097
679 4098
3875 4099
5667 4100
702 4101
3262 4102
77 4103
6716 4104
4981 4105
1621 4106
6194 4107
2849 4108
1957 4109
5565 4110
6075 4111
6481 4112
2947 4113
105 4114
7548 4115
5843 4116
2066 4117
658 4118
782 4119
553 4120
5624 4121
5709 4122
1734 4123
3590 4124
2455 4125
4918 4126
3662 4127
5937 4128
4755 4129
5995 4130
6032 4131
3244 4132
690 4133
2978 4134
3744 4135
6613 4136
6892 4137
3431 4138
1012 4139
2061 4140
6675 4141
2536 4142
7449 4143
3798 4144
4865 4145
2554 4146
2649 4147
869 4148
4433 4149
6272 4150
2911 4151
7044 4152
1728 4153
4768 4154
6154 4155
5274 4156
2410 4157
5697 4158
7470 4159
4797 4160
2427 4161
7115 4162
385 4163
2464 4164
1256 4165
4241 4166
6659 4167
6424 4168
2905 4169
2221 4170
4269 4171
2109 4172
4357 4173
5859 4174
72 4175
967 4176
3424 4177
2924 4178
144 4179
5258 4180
4351 4181
411 4182
7547 4183
5524 4184
3621 4185
132 4186
6870 4187
5539 4188
6205 4189
5351 4190
7363 4191
6637 4192
3608 4193
1500 4194
830 4195
2255 4196
3787 4197
137 4198
3441 4199
2759 4200
3283 4201
3419 4202
5712 4203
244 4204
3069 4205
1549 4206
3612 4207
3596 4208
1849 4209
4228 4210
3554 4211
3149 4212
4146 4213
902 4214
2287 4215
4245 4216
5807 4217
5056 4218
4554 4219
7080 4220
6728 4221
5485 4222
6052 4223
6633 4224
5196 4225
4597 4226
3353 4227
1594 4228
2933 4229
6766 4230
1440 4231
462 4232
1990 4233
2742 4234
5666 4235
566 4236
7133 4237
4849 4238
4510 4239
2000 4240
7303 4241
4244 4242
1223 4243
3119 4244
1029 4245
4803 4246
3531 4247
927 4248
979 4249
5976 4250
5235 4251
969 4252
4660 4253
991 4254
238 4255
6350 4256
2566 4257
2456 4258
2254 4259
5034 4260
577 4261
2898 4262
6197 4263
4679 4264
1504 4265
935 4266
5841 4267
3602 4268
5243 4269
1470 4270
2458 4271
6403 4272
5226 4273
6622 4274
6599 4275
907 4276
5734 4277
621 4278
1468 4279
843 4280
4348 4281
6934 4282
7465 4283
2347 4284
259 4285
3553 4286
6552 4287
2820 4288
539 4289
7227 4290
295 4291
5372 4292
4057 4293
4677 4294
6207 4295
7351 4296
1956 4297
2388 4298
6924 4299
2927 4300
389 4301
2324 4302
4937 4303
653 4304
2524 4305
4355 4306
5435 4307
5766 4308
2114 4309
3649 4310
372 4311
126 4312
5829 4313
5087 4314
1260 4315
5401 4316
1646 4317
5000 4318
3320 4319
3972 4320
638 4321
1236 4322
1298 4323
4750 4324
272 4325
3661 4326
2636 4327
3337 4328
4117 4329
4640 4330
2025 4331
7369 4332
1362 4333
6099 4334
981 4335
5122 4336
3407 4337
827 4338
7226 4339
4667 4340
6803 4341
7186 4342
6837 4343
7353 4344
6658 4345
3497 4346
5105 4347
5662 4348
1278 4349
4436 4350
1444 4351
3182 4352
5307 4353
1555 4354
5562 4355
1050 4356
1940 4357
2777 4358
3959 4359
3027 4360
579 4361
5481 4362
3161 4363
6980 4364
350 4365
1261 4366
5422 4367
6984 4368
6795 4369
3647 4370
810 4371
2730 4372
2590 4373
3363 4374
4818 4375
2725 4376
5362 4377
2894 4378
2901 4379
6705 4380
5357 4381
5688 4382
2479 4383
2107 4384
5325 4385
5912 4386
7525 4387
5828 4388
4862 4389
6665 4390
6810 4391
3855 4392
2661 4393
928 4394
6410 4395
2489 4396
3072 4397
7147 4398
4775 4399
6151 4400
5049 4401
2672 4402
3674 4403
1408 4404
1115 4405
1888 4406
2059 4407
5465 4408
3615 4409
7293 4410
7282 4411
2625 4412
2213 4413
377 4414
4875 4415
5960 4416
99 4417
3687 4418
9 4419
5008 4420
2196 4421
2647 4422
6908 4423
3669 4424
1836 4425
4175 4426
3347 4427
624 4428
7486 4429
347 4430
4265 4431
3188 4432
418 4433
5067 4434
2510 4435
3063 4436
1212 4437
6723 4438
1112 4439
6144 4440
6455 4441
4345 4442
5569 4443
4036 4444
6779 4445
6880 4446
3370 4447
3344 4448
764 4449
4444 4450
3618 4451
3104 4452
6754 4453
1347 4454
933 4455
1885 4456
360 4457
5082 4458
5173 4459
464 4460
5883 4461
3260 4462
6692 4463
2707 4464
2364 4465
1335 4466
6835 4467
651 4468
6702 4469
789 4470
1599 4471
4247 4472
2739 4473
7495 4474
3450 4475
912 4476
6545 4477
602 4478
5686 4479
4379 4480
87 4481
3146 4482
2650 4483
1249 4484
1410 4485
5073 4486
346 4487
5323 4488
4484 4489
3452 4490
7251 4491
2246 4492
7340 4493
2534 4494
2578 4495
2861 4496
1466 4497
3212 4498
664 4499
4951 4500
6653 4501
1620 4502
3709 4503
6827 4504
58 4505
1871 4506
3923 4507
1857 4508
3591 4509
2036 4510
5236 4511
7488 4512
1171 4513
4689 4514
5798 4515
5347 4516
225 4517
1399 4518
6394 4519
536 4520
6478 4521
685 4522
1623 4523
1312 4524
4391 4525
7402 4526
4582 4527
4588 4528
7059 4529
829 4530
2758 4531
4812 4532
3115 4533
6719 4534
5669 4535
2396 4536
1024 4537
3994 4538
3488 4539
1403 4540
5959 4541
6764 4542
1772 4543
752 4544
1145 4545
4499 4546
6584 4547
2851 4548
5278 4549
452 4550
2408 4551
2674 4552
4385 4553
6107 4554
1766 4555
2103 4556
6094 4557
5581 4558
5348 4559
2807 4560
2551 4561
2668 4562
1631 4563
7489 4564
265 4565
6890 4566
1478 4567
268 4568
1144 4569
6735 4570
1780 4571
5968 4572
3778 4573
949 4574
5760 4575
4924 4576
1512 4577
2290 4578
1863 4579
1644 4580
4687 4581
6585 4582
1569 4583
4624 4584
1202 4585
454 4586
6946 4587
4696 4588
7355 4589
5824 4590
1090 4591
1421 4592
320 4593
5545 4594
3322 4595
6642 4596
914 4597
3179 4598
6904 4599
234 4600
4089 4601
3052 4602
5858 4603
5366 4604
1133 4605
7019 4606
1427 4607
4303 4608
6163 4609
1543 4610
3753 4611
5031 4612
4516 4613
5605 4614
337 4615
899 4616
5670 4617
2966 4618
5987 4619
2104 4620
1666 4621
1310 4622
650 4623
836 4624
1587 4625
6450 4626
3755 4627
1722 4628
4690 4629
5815 4630
6217 4631
6652 4632
5074 4633
1025 4634
1949 4635
6475 4636
3204 4637
1486 4638
3449 4639
1686 4640
3883 4641
5212 4642
2582 4643
6746 4644
2019 4645
2874 4646
940 4647
5282 4648
3631 4649
3570 4650
2879 4651
1258 4652
2732 4653
237 4654
1308 4655
1126 4656
111 4657
335 4658
6428 4659
7194 4660
494 4661
3948 4662
7537 4663
5792 4664
6093 4665
6793 4666
6989 4667
7482 4668
6312 4669
3321 4670
2418 4671
5600 4672
2890 4673
443 4674
5801 4675
1300 4676
3501 4677
5317 4678
5979 4679
2811 4680
5194 4681
4418 4682
6379 4683
3075 4684
3953 4685
1302 4686
5928 4687
1360 4688
4940 4689
1725 4690
2271 4691
4921 4692
6273 4693
3302 4694
1622 4695
4333 4696
4178 4697
1786 4698
6718 4699
6148 4700
1954 4701
1521 4702
5029 4703
2308 4704
4861 4705
820 4706
7292 4707
648 4708
5399 4709
2641 4710
4130 4711
6235 4712
6986 4713
3822 4714
6819 4715
3139 4716
4322 4717
2067 4718
2317 4719
3473 4720
2917 4721
1058 4722
4015 4723
7249 4724
2355 4725
6822 4726
948 4727
871 4728
4589 4729
6693 4730
4008 4731
962 4732
1541 4733
7438 4734
3865 4735
3656 4736
5404 4737
5168 4738
2839 4739
6294 4740
6711 4741
6821 4742
4367 4743
165 4744
6196 4745
64 4746
457 4747
1611 4748
2530 4749
1057 4750
740 4751
4966 4752
5070 4753
4009 4754
6260 4755
3603 4756
3216 4757
4447 4758
6806 4759
5055 4760
1226 4761
7501 4762
1492 4763
5095 4764
467 4765
7106 4766
3131 4767
2020 4768
6497 4769
4972 4770
6459 4771
5224 4772
7263 4773
3863 4774
7011 4775
3116 4776
5097 4777
4352 4778
444 4779
590 4780
5926 4781
652 4782
6393 4783
2170 4784
5427 4785
7317 4786
6258 4787
1343 4788
5432 4789
4518 4790
700 4791
3802 4792
4289 4793
1325 4794
4362 4795
2148 4796
6730 4797
6128 4798
1855 4799
6277 4800
1554 4801
3395 4802
4469 4803
5720 4804
4471 4805
6594 4806
7156 4807
643 4808
4155 4809
3537 4810
4449 4811
6380 4812
6742 4813
2053 4814
278 4815
3350 4816
1227 4817
1075 4818
5831 4819
560 4820
4787 4821
837 4822
5739 4823
5306 4824
5799 4825
1650 4826
5285 4827
2829 4828
6452 4829
6132 4830
2089 4831
2051 4832
3586 4833
6458 4834
4501 4835
1290 4836
2727 4837
3864 4838
3021 4839
2091 4840
6079 4841
6146 4842
4374 4843
6993 4844
1697 4845
500 4846
6190 4847
1668 4848
1971 4849
3963 4850
6649 4851
3715 4852
138 4853
1168 4854
3672 4855
1283 4856
4239 4857
2430 4858
3935 4859
5710 4860
5204 4861
1662 4862
1268 4863
6041 4864
6192 4865
7220 4866
5033 4867
6445 4868
4702 4869
6703 4870
2602 4871
6201 4872
6067 4873
5784 4874
4638 4875
7105 4876
1629 4877
4786 4878
7476 4879
3464 4880
4572 4881
4394 4882
1130 4883
5139 4884
2697 4885
4483 4886
3518 4887
5601 4888
6341 4889
4213 4890
6236 4891
4182 4892
480 4893
1153 4894
7232 4895
3651 4896
1542 4897
89 4898
2044 4899
6375 4900
6347 4901
5627 4902
288 4903
4020 4904
2603 4905
710 4906
436 4907
5329 4908
5334 4909
7500 4910
6537 4911
2696 4912
1708 4913
5646 4914
2653 4915
5752 4916
3403 4917
552 4918
7373 4919
5476 4920
5904 4921
1635 4922
4528 4923
817 4924
5825 4925
6432 4926
3248 4927
4559 4928
7364 4929
3286 4930
3853 4931
3708 4932
6009 4933
7513 4934
3871 4935
231 4936
1789 4937
4442 4938
7225 4939
3292 4940
101 4941
6130 4942
3830 4943
6559 4944
6548 4945
2106 4946
4674 4947
7255 4948
4989 4949
1895 4950
3085 4951
7393 4952
2086 4953
2991 4954
1548 4955
5297 4956
1072 4957
6457 4958
6877 4959
1720 4960
1376 4961
5714 4962
4371 4963
477 4964
4105 4965
796 4966
5513 4967
5797 4968
5643 4969
2253 4970
1685 4971
5220 4972
5953 4973
5637 4974
2622 4975
5446 4976
2692 4977
2200 4978
2900 4979
5249 4980
3971 4981
2948 4982
7181 4983
3250 4984
4788 4985
6990 4986
7279 4987
4477 4988
7358 4989
4193 4990
3859 4991
6185 4992
6575 4993
2400 4994
1556 4995
4095 4996
5256 4997
3770 4998
6784 4999
4728 5000
840 5001
985 5002
4574 5003
3177 5004
6031 5005
6641 5006
1935 5007
3861 5008
4217 5009
6516 5010
3614 5011
7453 5012
4226 5013
6726 5014
6522 5015
3304 5016
6237 5017
7165 5018
3543 5019
275 5020
2068 5021
6245 5022
3995 5023
2270 5024
5199 5025
6153 5026
3221 5027
1826 5028
4909 5029
4388 5030
2413 5031
5370 5032
1184 5033
922 5034
2431 5035
5895 5036
4112 5037
5872 5038
4279 5039
1747 5040
7394 5041
3605 5042
7268 5043
5335 5044
4780 5045
881 5046
1699 5047
1327 5048
1291 5049
5051 5050
7322 5051
3226 5052
1428 5053
5463 5054
3690 5055
4337 5056
319 5057
6686 5058
5030 5059
1255 5060
2726 5061
5479 5062
4027 5063
6035 5064
1774 5065
7384 5066
6511 5067
3673 5068
2377 5069
5619 5070
2786 5071
3894 5072
616 5073
356 5074
2337 5075
1109 5076
1039 5077
562 5078
2993 5079
2996 5080
7100 5081
3643 5082
2797 5083
4152 5084
1125 5085
4584 5086
703 5087
2527 5088
7281 5089
1576 5090
1894 5091
412 5092
589 5093
487 5094
6591 5095
3616 5096
2080 5097
2380 5098
1416 5099
3428 5100
826 5101
7222 5102
4704 5103
4751 5104
5280 5105
1925 5106
145 5107
2182 5108
3692 5109
1487 5110
6111 5111
5594 5112
326 5113
378 5114
5161 5115
6334 5116
2283 5117
5429 5118
3436 5119
4106 5120
2687 5121
7119 5122
3 5123
3641 5124
7045 5125
1974 5126
4225 5127
2710 5128
805 5129
3819 5130
5214 5131
3691 5132
3437 5133
94 5134
420 5135
4065 5136
2420 5137
6034 5138
174 5139
6643 5140
4073 5141
6859 5142
5759 5143
3112 5144
4094 5145
7240 5146
7101 5147
7461 5148
6302 5149
1717 5150
1616 5151
3635 5152
4389 5153
3066 5154
35 5155
2500 5156
3150 5157
1546 5158
7057 5159
1377 5160
4311 5161
4604 5162
5901 5163
5390 5164
45 5165
4832 5166
5127 5167
5159 5168
205 5169
2663 5170
6152 5171
2448 5172
4207 5173
5373 5174
327 5175
5501 5176
5557 5177
6623 5178
3667 5179
7431 5180
6896 5181
2332 5182
4569 5183
6775 5184
3840 5185
2265 5186
7515 5187
5319 5188
1792 5189
5433 5190
2789 5191
2630 5192
1354 5193
3088 5194
2198 5195
312 5196
5711 5197
1509 5198
5117 5199
913 5200
1023 5201
7478 5202
7305 5203
2628 5204
4648 5205
5240 5206
3375 5207
1574 5208
5865 5209
7294 5210
684 5211
6765 5212
3261 5213
6771 5214
2342 5215
4356 5216
6878 5217
5957 5218
872 5219
2810 5220
3312 5221
1054 5222
2305 5223
756 5224
6182 5225
1071 5226
1319 5227
20 5228
6812 5229
4826 5230
2967 5231
4390 5232
6973 5233
542 5234
3045 5235
3571 5236
1637 5237
5795 5238
1004 5239
3599 5240
1174 5241
943 5242
3663 5243
5731 5244
6202 5245
5699 5246
1806 5247
2565 5248
4636 5249
3549 5250
905 5251
2848 5252
4301 5253
6224 5254
6003 5255
2207 5256
359 5257
1364 5258
503 5259
6198 5260
5990 5261
1007 5262
1034 5263
4931 5264
6838 5265
6863 5266
1205 5267
1791 5268
2421 5269
2538 5270
6994 5271
3510 5272
929 5273
5077 5274
5261 5275
4872 5276
2525 5277
6668 5278
1901 5279
3043 5280
6510 5281
6495 5282
3569 5283
7216 5284
5367 5285
3629 5286
440 5287
122 5288
3062 5289
5861 5290
1295 5291
1939 5292
5573 5293
6566 5294
1626 5295
1924 5296
4413 5297
3889 5298
5535 5299
5299 5300
1060 5301
4695 5302
6697 5303
1832 5304
6286 5305
186 5306
4336 5307
4669 5308
5876 5309
2199 5310
6298 5311
1866 5312
1067 5313
828 5314
6129 5315
166 5316
6882 5317
3850 5318
1390 5319
2658 5320
897 5321
6606 5322
877 5323
6166 5324
1800 5325
7334 5326
3408 5327
2738 5328
4232 5329
7142 5330
1366 5331
5346 5332
2004 5333
4923 5334
960 5335
2474 5336
5756 5337
6033 5338
1165 5339
2683 5340
1927 5341
1036 5342
3425 5343
2490 5344
6778 5345
6466 5346
224 5347
958 5348
1323 5349
6024 5350
1876 5351
7117 5352
7418 5353
3136 5354
2815 5355
4824 5356
1488 5357
1459 5358
3626 5359
7166 5360
5257 5361
4734 5362
3478 5363
1938 5364
6470 5365
2225 5366
3970 5367
2495 5368
6950 5369
30 5370
4148 5371
4631 5372
5602 5373
1049 5374
5340 5375
3065 5376
1614 5377
1388 5378
4592 5379
7129 5380
4530 5381
316 5382
2499 5383
2203 5384
7023 5385
4512 5386
2072 5387
5635 5388
5412 5389
6544 5390
1630 5391
3269 5392
2015 5393
3193 5394
3962 5395
4051 5396
534 5397
6744 5398
110 5399
5388 5400
2033 5401
4282 5402
3210 5403
3990 5404
5142 5405
6463 5406
2596 5407
2800 5408
5053 5409
7545 5410
720 5411
2204 5412
5063 5413
3737 5414
3127 5415
2504 5416
6758 5417
749 5418
5765 5419
5896 5420
6867 5421
6422 5422
2236 5423
6660 5424
5337 5425
331 5426
3465 5427
3430 5428
669 5429
5648 5430
3492 5431
806 5432
4568 5433
1536 5434
4790 5435
1862 5436
1101 5437
1154 5438
5495 5439
1526 5440
4197 5441
1173 5442
7168 5443
5383 5444
2206 5445
7289 5446
1999 5447
2397 5448
2030 5449
2617 5450
6290 5451
1161 5452
610 5453
6493 5454
6210 5455
5590 5456
256 5457
3332 5458
5587 5459
7416 5460
1905 5461
475 5462
5572 5463
3105 5464
6714 5465
1479 5466
3187 5467
2034 5468
4711 5469
4952 5470
1296 5471
6925 5472
4784 5473
6755 5474
3577 5475
226 5476
1909 5477
3214 5478
2153 5479
7137 5480
7552 5481
3901 5482
598 5483
2678 5484
5880 5485
5115 5486
2311 5487
3653 5488
5725 5489
6840 5490
3086 5491
7534 5492
5929 5493
3475 5494
1042 5495
4253 5496
1439 5497
2779 5498
4326 5499
2389 5500
543 5501
4706 5502
1965 5503
6895 5504
2310 5505
60 5506
3769 5507
2577 5508
1632 5509
100 5510
3000 5511
2234 5512
845 5513
482 5514
936 5515
5141 5516
4067 5517
6580 5518
6261 5519
262 5520
4836 5521
2353 5522
1873 5523
6178 5524
5301 5525
7087 5526
7395 5527
2626 5528
1442 5529
1391 5530
4084 5531
7313 5532
5832 5533
5255 5534
4022 5535
3028 5536
5762 5537
3077 5538
2547 5539
5336 5540
6361 5541
7214 5542
3245 5543
4151 5544
2084 5545
1797 5546
5012 5547
3365 5548
6875 5549
4614 5550
4785 5551
3237 5552
7437 5553
3828 5554
5860 5555
6952 5556
7541 5557
2483 5558
3410 5559
2181 5560
5017 5561
3658 5562
6546 5563
2055 5564
6959 5565
6232 5566
3061 5567
6828 5568
5718 5569
4596 5570
7327 5571
804 5572
4628 5573
1544 5574
7088 5575
1111 5576
2298 5577
5613 5578
7017 5579
4953 5580
216 5581
1851 5582
3575 5583
7307 5584
1886 5585
775 5586
2896 5587
3751 5588
4869 5589
3839 5590
1915 5591
6953 5592
2866 5593
4028 5594
1363 5595
5845 5596
4719 5597
1550 5598
263 5599
7387 5600
7104 5601
432 5602
5072 5603
3515 5604
6431 5605
7014 5606
245 5607
2269 5608
547 5609
3012 5610
171 5611
1648 5612
557 5613
976 5614
2476 5615
1818 5616
4327 5617
6373 5618
5004 5619
2634 5620
6729 5621
4970 5622
2760 5623
4254 5624
4867 5625
4622 5626
4212 5627
3564 5628
537 5629
2808 5630
6710 5631
3366 5632
5722 5633
4649 5634
3682 5635
4183 5636
5363 5637
3879 5638
2613 5639
233 5640
4249 5641
2979 5642
1829 5643
4366 5644
1189 5645
573 5646
2307 5647
5955 5648
6229 5649
663 5650
7388 5651
3818 5652
7092 5653
1431 5654
1357 5655
6640 5656
2708 5657
4620 5658
354 5659
5098 5660
221 5661
3862 5662
6605 5663
5664 5664
2069 5665
6957 5666
3070 5667
5216 5668
2392 5669
5777 5670
4459 5671
954 5672
4261 5673
1714 5674
3178 5675
511 5676
5673 5677
7172 5678
2262 5679
6421 5680
3122 5681
3499 5682
6486 5683
4372 5684
5787 5685
6609 5686
7370 5687
4126 5688
183 5689
2314 5690
5262 5691
1733 5692
4412 5693
3655 5694
4410 5695
2296 5696
6199 5697
1375 5698
4059 5699
2580 5700
1059 5701
6239 5702
1846 5703
7398 5704
1097 5705
1451 5706
1952 5707
7154 5708
1545 5709
2508 5710
5469 5711
1989 5712
5536 5713
3303 5714
4809 5715
3976 5716
5449 5717
98 5718
2005 5719
5519 5720
3941 5721
5631 5722
29 5723
6289 5724
5556 5725
3494 5726
48 5727
96 5728
5945 5729
2505 5730
2757 5731
2545 5732
5460 5733
7205 5734
2131 5735
5546 5736
3790 5737
5994 5738
3467 5739
7348 5740
1859 5741
3253 5742
3374 5743
3025 5744
3393 5745
704 5746
6774 5747
3676 5748
219 5749
6634 5750
1681 5751
2039 5752
2235 5753
5508 5754
2850 5755
6376 5756
1865 5757
3334 5758
3471 5759
680 5760
6885 5761
3671 5762
6438 5763
6898 5764
5007 5765
6175 5766
4096 5767
7386 5768
1760 5769
6058 5770
1961 5771
425 5772
4600 5773
6940 5774
298 5775
4437 5776
4710 5777
5292 5778
4974 5779
2747 5780
3878 5781
2612 5782
7259 5783
581 5784
5993 5785
6352 5786
3346 5787
2931 5788
3336 5789
3914 5790
1469 5791
5870 5792
468 5793
2214 5794
3348 5795
4792 5796
1656 5797
1380 5798
266 5799
2249 5800
313 5801
6343 5802
3843 5803
3008 5804
767 5805
4353 5806
2090 5807
4720 5808
6112 5809
2585 5810
4086 5811
6864 5812
2252 5813
3683 5814
1429 5815
1706 5816
5089 5817
7426 5818
7174 5819
2788 5820
919 5821
7272 5822
5566 5823
1117 5824
4043 5825
4176 5826
4140 5827
2660 5828
3272 5829
5352 5830
3896 5831
448 5832
4271 5833
4997 5834
3745 5835
6813 5836
3597 5837
4777 5838
3992 5839
5560 5840
163 5841
4328 5842
1089 5843
1525 5844
7146 5845
1704 5846
2698 5847
4409 5848
6141 5849
5410 5850
1374 5851
2819 5852
5817 5853
4107 5854
2010 5855
859 5856
2037 5857
732 5858
6530 5859
291 5860
868 5861
4472 5862
1864 5863
5309 5864
6362 5865
4991 5866
3786 5867
4210 5868
6439 5869
6532 5870
1139 5871
2088 5872
4899 5873
686 5874
76 5875
6322 5876
689 5877
4886 5878
7113 5879
3832 5880
5024 5881
4536 5882
4860 5883
1860 5884
3657 5885
7176 5886
61 5887
3583 5888
1193 5889
6531 5890
4144 5891
4977 5892
18 5893
4908 5894
1131 5895
4975 5896
7510 5897
5855 5898
3695 5899
1652 5900
6346 5901
1547 5902
6871 5903
2921 5904
2058 5905
4506 5906
7239 5907
4069 5908
5113 5909
217 5910
6121 5911
2118 5912
4474 5913
4082 5914
6116 5915
5548 5916
3031 5917
3694 5918
4335 5919
5493 5920
3747 5921
6587 5922
4645 5923
3975 5924
730 5925
4621 5926
4426 5927
479 5928
2541 5929
964 5930
2218 5931
6240 5932
984 5933
6850 5934
6756 5935
2822 5936
7033 5937
1756 5938
3423 5939
6028 5940
6276 5941
1196 5942
7163 5943
213 5944
201 5945
1481 5946
3451 5947
5200 5948
7533 5949
4467 5950
3821 5951
4219 5952
7056 5953
6336 5954
4093 5955
5830 5956
759 5957
3870 5958
5651 5959
1315 5960
3820 5961
3978 5962
4014 5963
2079 5964
7223 5965
5964 5966
4878 5967
3460 5968
2871 5969
4044 5970
5516 5971
6782 5972
1608 5973
5322 5974
6088 5975
130 5976
5488 5977
3686 5978
3398 5979
1612 5980
5225 5981
7189 5982
5238 5983
4101 5984
3567 5985
2702 5986
498 5987
4346 5988
727 5989
5445 5990
506 5991
6789 5992
2515 5993
402 5994
2251 5995
2539 5996
6981 5997
141 5998
754 5999
3640 6000
6902 6001
2794 6002
6547 6003
4016 6004
4293 6005
119 6006
6328 6007
5230 6008
2609 6009
4857 6010
5125 6011
5660 6012
7504 6013
1713 6014
4257 6015
6315 6016
6098 6017
5638 6018
4380 6019
4381 6020
6014 6021
2278 6022
4595 6023
3082 6024
4646 6025
1649 6026
3093 6027
6329 6028
1723 6029
1690 6030
2700 6031
4214 6032
7042 6033
1250 6034
2045 6035
4060 6036
7053 6037
2452 6038
1286 6039
4573 6040
6561 6041
121 6042
6657 6043
6063 6044
7041 6045
1213 6046
7405 6047
4845 6048
966 6049
5833 6050
7454 6051
6211 6052
1967 6053
1026 6054
637 6055
6769 6056
24 6057
4092 6058
2338 6059
1986 6060
215 6061
6644 6062
5169 6063
6172 6064
2620 6065
2429 6066
5750 6067
235 6068
576 6069
3791 6070
5986 6071
5039 6072
6264 6073
7473 6074
3675 6075
322 6076
2939 6077
4541 6078
4838 6079
851 6080
501 6081
147 6082
1796 6083
613 6084
7038 6085
950 6086
2100 6087
2706 6088
401 6089
2282 6090
2386 6091
509 6092
4537 6093
2478 6094
1445 6095
2315 6096
394 6097
1180 6098
6223 6099
841 6100
7058 6101
4264 6102
5153 6103
7167 6104
4163 6105
4131 6106
1963 6107
6156 6108
3556 6109
1573 6110
5143 6111
7524 6112
4657 6113
786 6114
32 6115
5 6116
1192 6117
6399 6118
5604 6119
2954 6120
3860 6121
1558 6122
1177 6123
4560 6124
5124 6125
7553 6126
115 6127
5962 6128
6218 6129
5358 6130
5436 6131
941 6132
696 6133
6259 6134
3857 6135
6743 6136
5345 6137
1930 6138
6846 6139
4312 6140
2362 6141
5102 6142
5025 6143
6931 6144
1358 6145
6000 6146
7401 6147
5468 6148
6884 6149
2257 6150
890 6151
5705 6152
4013 6153
2959 6154
1716 6155
6509 6156
7479 6157
6484 6158
2907 6159
7183 6160
3921 6161
2833 6162
3807 6163
6206 6164
5621 6165
6569 6166
4565 6167
4580 6168
4186 6169
5778 6170
2756 6171
6348 6172
3526 6173
5160 6174
6233 6175
2673 6176
7040 6177
3533 6178
2749 6179
6817 6180
3943 6181
2570 6182
2593 6183
2471 6184
2459 6185
6482 6186
5381 6187
1292 6188
4686 6189
6695 6190
4063 6191
6740 6192
2844 6193
7257 6194
578 6195
5656 6196
161 6197
7503 6198
6706 6199
3521 6200
1524 6201
2814 6202
3528 6203
3368 6204
3827 6205
7285 6206
6541 6207
1874 6208
5211 6209
3153 6210
2073 6211
1945 6212
4866 6213
6167 6214
785 6215
3360 6216
3067 6217
7233 6218
6230 6219
7130 6220
2964 6221
3765 6222
3557 6223
630 6224
2665 6225
332 6226
4698 6227
3190 6228
3305 6229
5611 6230
570 6231
3205 6232
483 6233
3555 6234
2438 6235
3587 6236
5374 6237
5678 6238
1828 6239
3123 6240
2016 6241
5813 6242
2689 6243
5156 6244
4149 6245
725 6246
5541 6247
5193 6248
5126 6249
6862 6250
7507 6251
4006 6252
5881 6253
5506 6254
6316 6255
2549 6256
6469 6257
67 6258
615 6259
3730 6260
4025 6261
1361 6262
4741 6263
2453 6264
1700 6265
5700 6266
5154 6267
2799 6268
5044 6269
6868 6270
3421 6271
1210 6272
4287 6273
3228 6274
5209 6275
2688 6276
1002 6277
956 6278
371 6279
5789 6280
6010 6281
3498 6282
7343 6283
3958 6284
3481 6285
3125 6286
5698 6287
3469 6288
2378 6289
6636 6290
404 6291
1316 6292
2258 6293
4879 6294
4097 6295
1251 6296
2390 6297
508 6298
517 6299
5874 6300
2875 6301
3768 6302
6978 6303
7467 6304
3097 6305
633 6306
2983 6307
5992 6308
6645 6309
6467 6310
2695 6311
1877 6312
2227 6313
6227 6314
6314 6315
3600 6316
6872 6317
5279 6318
1355 6319
7492 6320
3313 6321
5973 6322
299 6323
1318 6324
1823 6325
3252 6326
1306 6327
5727 6328
811 6329
2528 6330
3585 6331
5922 6332
4019 6333
6429 6334
6204 6335
1461 6336
4450 6337
4913 6338
3325 6339
4460 6340
507 6341
1910 6342
3511 6343
2949 6344
5598 6345
1206 6346
1164 6347
3456 6348
4166 6349
1094 6350
1464 6351
5532 6352
1270 6353
733 6354
3352 6355
5655 6356
3133 6357
2977 6358
3560 6359
5522 6360
1914 6361
1653 6362
3089 6363
6887 6364
3343 6365
627 6366
3418 6367
2188 6368
7519 6369
5276 6370
6786 6371
5376 6372
5577 6373
7550 6374
5320 6375
1093 6376
3035 6377
792 6378
816 6379
4883 6380
1350 6381
861 6382
1217 6383
6140 6384
1977 6385
7520 6386
2156 6387
2078 6388
3327 6389
90 6390
3534 6391
5296 6392
1841 6393
1279 6394
7027 6395
1519 6396
4813 6397
7435 6398
1581 6399
863 6400
4759 6401
2531 6402
3173 6403
3234 6404
2014 6405
428 6406
3689 6407
5527 6408
1711 6409
4791 6410
3270 6411
1052 6412
193 6413
5820 6414
1005 6415
2449 6416
34 6417
5260 6418
2129 6419
4427 6420
1378 6421
4842 6422
3886 6423
4652 6424
6557 6425
5918 6426
1627 6427
6843 6428
4625 6429
2953 6430
1086 6431
2960 6432
619 6433
3169 6434
173 6435
4639 6436
7375 6437
1228 6438
2132 6439
6446 6440
607 6441
2135 6442
3803 6443
1384 6444
1063 6445
2384 6446
1533 6447
5827 6448
2013 6449
6280 6450
3396 6451
2863 6452
1055 6453
6944 6454
3299 6455
5443 6456
7003 6457
3195 6458
5492 6459
3198 6460
274 6461
1106 6462
2503 6463
2093 6464
1801 6465
7436 6466
1988 6467
5361 6468
1476 6469
6937 6470
6367 6471
6409 6472
2361 6473
1237 6474
3917 6475
142 6476
5234 6477
4603 6478
4973 6479
5415 6480
3964 6481
4954 6482
1602 6483
4814 6484
3453 6485
7037 6486
6046 6487
6226 6488
1995 6489
1191 6490
7280 6491
1765 6492
4753 6493
3997 6494
1455 6495
1809 6496
184 6497
1040 6498
5114 6499
1539 6500
5951 6501
1074 6502
4487 6503
3411 6504
176 6505
308 6506
6016 6507
5395 6508
594 6509
2401 6510
6588 6511
4654 6512
597 6513
569 6514
1746 6515
1443 6516
4929 6517
4540 6518
2909 6519
1810 6520
3869 6521
2835 6522
2657 6523
2398 6524
7085 6525
6330 6526
6592 6527
2101 6528
75 6529
2231 6530
4822 6531
5014 6532
3265 6533
4926 6534
143 6535
5111 6536
6776 6537
1498 6538
1742 6539
1551 6540
344 6541
6405 6542
5428 6543
310 6544
5201 6545
4563 6546
2216 6547
2140 6548
1669 6549
1033 6550
1297 6551
1688 6552
4119 6553
7390 6554
4774 6555
4456 6556
44 6557
3679 6558
3356 6559
6157 6560
2975 6561
1674 6562
4342 6563
6293 6564
2463 6565
526 6566
763 6567
873 6568
6855 6569
220 6570
2914 6571
1798 6572
1705 6573
7020 6574
1891 6575
4242 6576
7006 6577
770 6578
4003 6579
7498 6580
5271 6581
5241 6582
6080 6583
3632 6584
485 6585
7514 6586
4546 6587
2035 6588
3194 6589
4274 6590
4757 6591
4835 6592
3301 6593
1898 6594
5038 6595
4037 6596
6145 6597
4080 6598
3977 6599
7143 6600
7121 6601
3800 6602
6378 6603
7135 6604
891 6605
6220 6606
5589 6607
600 6608
1322 6609
2944 6610
6077 6611
7136 6612
2592 6613
5177 6614
6720 6615
2642 6616
3381 6617
3726 6618
3295 6619
6505 6620
6571 6621
6191 6622
3426 6623
2193 6624
3384 6625
3942 6626
3220 6627
3044 6628
4521 6629
2320 6630
4971 6631
4030 6632
3263 6633
6292 6634
606 6635
3165 6636
2561 6637
5736 6638
6026 6639
2932 6640
1950 6641
3908 6642
4216 6643
3895 6644
4533 6645
6900 6646
6419 6647
4171 6648
7184 6649
4718 6650
5559 6651
38 6652
6839 6653
5984 6654
49 6655
3613 6656
285 6657
5530 6658
3783 6659
1141 6660
724 6661
716 6662
4999 6663
1657 6664
7321 6665
2929 6666
1759 6667
4681 6668
6461 6669
5507 6670
2424 6671
7493 6672
3951 6673
3176 6674
5416 6675
4641 6676
5217 6677
3339 6678
129 6679
5717 6680
6108 6681
6860 6682
4424 6683
4267 6684
6831 6685
670 6686
2832 6687
7083 6688
5680 6689
3973 6690
3670 6691
5424 6692
3167 6693
668 6694
5544 6695
5793 6696
19 6697
990 6698
2843 6699
3845 6700
6214 6701
4547 6702
1370 6703
5908 6704
1585 6705
6279 6706
6050 6707
2050 6708
1031 6709
2968 6710
5905 6711
611 6712
1382 6713
1538 6714
6248 6715
1397 6716
6442 6717
678 6718
1917 6719
545 6720
3215 6721
1845 6722
2230 6723
5649 6724
2303 6725
2194 6726
4048 6727
953 6728
3236 6729
6491 6730
4819 6731
3974 6732
4995 6733
601 6734
6739 6735
2087 6736
2809 6737
6402 6738
7051 6739
4534 6740
1114 6741
4134 6742
6118 6743
4387 6744
6662 6745
2714 6746
5174 6747
1684 6748
3361 6749
6805 6750
3513 6751
3547 6752
5013 6753
7439 6754
4789 6755
5215 6756
2691 6757
1070 6758
6265 6759
6879 6760
333 6761
3482 6762
5794 6763
2969 6764
1912 6765
757 6766
4018 6767
3595 6768
3912 6769
6920 6770
5069 6771
4801 6772
6416 6773
6253 6774
6195 6775
5523 6776
6970 6777
2329 6778
5480 6779
3722 6780
3268 6781
1069 6782
4666 6783
2666 6784
6448 6785
3284 6786
222 6787
5254 6788
5674 6789
4470 6790
4 6791
2323 6792
5903 6793
4102 6794
2733 6795
7372 6796
5980 6797
1667 6798
6392 6799
3050 6800
5733 6801
6514 6802
5461 6803
2655 6804
5158 6805
983 6806
6089 6807
2334 6808
3884 6809
4724 6810
2097 6811
6 6812
4451 6813
3625 6814
5687 6815
7063 6816
2712 6817
2575 6818
373 6819
5086 6820
5486 6821
6917 6822
3519 6823
1820 6824
7009 6825
5615 6826
3578 6827
6632 6828
6679 6829
2209 6830
6354 6831
6975 6832
1601 6833
7159 6834
329 6835
2186 6836
7254 6837
1572 6838
4630 6839
2219 6840
4078 6841
7054 6842
2876 6843
758 6844
7265 6845
2242 6846
2903 6847
4550 6848
3834 6849
438 6850
626 6851
7342 6852
2859 6853
2063 6854
2514 6855
3681 6856
5467 6857
1923 6858
1000 6859
6325 6860
3814 6861
3688 6862
6538 6863
1238 6864
3297 6865
5267 6866
4165 6867
6721 6868
5327 6869
2344 6870
3279 6871
1749 6872
1838 6873
3057 6874
3983 6875
3399 6876
2823 6877
656 6878
4143 6879
3988 6880
4608 6881
258 6882
4329 6883
1372 6884
1020 6885
1499 6886
4310 6887
7173 6888
353 6889
1452 6890
3502 6891
617 6892
6761 6893
3209 6894
2149 6895
833 6896
2187 6897
2383 6898
351 6899
2862 6900
3960 6901
4302 6902
5003 6903
2937 6904
321 6905
4692 6906
2941 6907
1143 6908
2279 6909
1107 6910
2168 6911
3606 6912
5484 6913
609 6914
4263 6915
5730 6916
3893 6917
6717 6918
6453 6919
6519 6920
7480 6921
1827 6922
4147 6923
7536 6924
6677 6925
3147 6926
4430 6927
4676 6928
4238 6929
3427 6930
6435 6931
7151 6932
6971 6933
2286 6934
6139 6935
4806 6936
249 6937
7296 6938
5595 6939
787 6940
4330 6941
4737 6942
6861 6943
4240 6944
1079 6945
4684 6946
7430 6947
2368 6948
2446 6949
5567 6950
6300 6951
4976 6952
2950 6953
6021 6954
665 6955
4053 6956
1900 6957
1661 6958
7241 6959
6385 6960
1779 6961
3219 6962
1437 6963
3980 6964
5502 6965
846 6966
2558 6967
5093 6968
3477 6969
3180 6970
1878 6971
7391 6972
2938 6973
2546 6974
6319 6975
1560 6976
4172 6977
4494 6978
2054 6979
318 6980
7217 6981
923 6982
3936 6983
4466 6984
3158 6985
2102 6986
395 6987
4398 6988
5693 6989
439 6990
5612 6991
4491 6992
4443 6993
2621 6994
4397 6995
4943 6996
3532 6997
4399 6998
1931 6999
3256 7000
5303 7001
4611 7002
7468 7003
4781 7004
7443 7005
7026 7006
4920 7007
6369 7008
2952 7009
5786 7010
7032 7011
2467 7012
6173 7013
6307 7014
3551 7015
5068 7016
3854 7017
7204 7018
5873 7019
5671 7020
7448 7021
7078 7022
4349 7023
1755 7024
1243 7025
2111 7026
4042 7027
379 7028
1921 7029
5385 7030
131 7031
1022 7032
5264 7033
5748 7034
6809 7035
3733 7036
5576 7037
396 7038
6773 7039
3142 7040
1527 7041
6143 7042
1332 7043
3824 7044
6792 7045
5080 7046
3174 7047
7523 7048
2572 7049
1814 7050
6296 7051
5163 7052
6651 7053
10 7054
5740 7055
6966 7056
6915 7057
2120 7058
3842 7059
2047 7060
5823 7061
5525 7062
1670 7063
2373 7064
4769 7065
13 7066
2750 7067
3728 7068
6747 7069
2238 7070
43 7071
1955 7072
5974 7073
302 7074
7261 7075
3251 7076
707 7077
421 7078
5475 7079
5016 7080
715 7081
3191 7082
3961 7083
6834 7084
6996 7085
3298 7086
4492 7087
6049 7088
765 7089
4021 7090
6508 7091
5164 7092
5228 7093
7013 7094
4817 7095
815 7096
2598 7097
1880 7098
164 7099
68 7100
7288 7101
6856 7102
853 7103
4075 7104
1188 7105
7527 7106
6894 7107
5478 7108
3701 7109
3700 7110
1096 7111
3991 7112
3548 7113
5989 7114
1137 7115
1593 7116
4478 7117
972 7118
538 7119
6042 7120
5185 7121
2169 7122
5558 7123
4416 7124
2987 7125
2165 7126
7535 7127
5950 7128
572 7129
4038 7130
1724 7131
6127 7132
190 7133
2011 7134
6655 7135
6415 7136
6987 7137
1785 7138
3462 7139
4576 7140
7269 7141
103 7142
1104 7143
5814 7144
1850 7145
4402 7146
799 7147
1282 7148
2704 7149
4315 7150
3386 7151
2049 7152
3566 7153
6891 7154
4858 7155
5848 7156
588 7157
1477 7158
4564 7159
5747 7160
408 7161
3162 7162
5751 7163
7379 7164
6964 7165
6910 7166
5684 7167
223 7168
3852 7169
5406 7170
3731 7171
1596 7172
2571 7173
885 7174
2293 7175
365 7176
182 7177
7188 7178
4833 7179
4618 7180
4023 7181
4847 7182
6180 7183
3703 7184
1617 7185
7442 7186
3838 7187
3841 7188
7411 7189
6337 7190
5743 7191
838 7192
2062 7193
6238 7194
6954 7195
1922 7196
3604 7197
5948 7198
1474 7199
5397 7200
4189 7201
3766 7202
1259 7203
1702 7204
1583 7205
1769 7206
6646 7207
2003 7208
1966 7209
3887 7210
46 7211
1105 7212
5967 7213
5529 7214
1073 7215
4192 7216
4432 7217
3040 7218
571 7219
5447 7220
3559 7221
6586 7222
4077 7223
4967 7224
6624 7225
7153 7226
1061 7227
5207 7228
1085 7229
284 7230
3458 7231
1389 7232
4932 7233
1128 7234
3788 7235
6425 7236
3711 7237
37 7238
5592 7239
6150 7240
5148 7241
4005 7242
6023 7243
6323 7244
7131 7245
6306 7246
2517 7247
671 7248
4227 7249
2122 7250
5349 7251
442 7252
1345 7253
4087 7254
1018 7255
6841 7256
3087 7257
2184 7258
4079 7259
42 7260
6114 7261
3572 7262
211 7263
7108 7264
5448 7265
4935 7266
4955 7267
1566 7268
2056 7269
1793 7270
620 7271
1979 7272
6184 7273
2633 7274
6854 7275
4548 7276
3309 7277
7197 7278
6965 7279
3969 7280
4707 7281
7089 7282
4031 7283
6468 7284
149 7285
5295 7286
6188 7287
2763 7288
2331 7289
1257 7290
5663 7291
1933 7292
7112 7293
4936 7294
3049 7295
168 7296
6115 7297
3880 7298
5911 7299
3013 7300
4489 7301
5696 7302
6225 7303
71 7304
1647 7305
1098 7306
4100 7307
5150 7308
4763 7309
646 7310
6558 7311
4522 7312
4168 7313
924 7314
5528 7315
5281 7316
7015 7317
2804 7318
4700 7319
6263 7320
661 7321
4465 7322
1783 7323
4341 7324
6852 7325
7450 7326
3300 7327
1218 7328
634 7329
2027 7330
1926 7331
1405 7332
2309 7333
4160 7334
4429 7335
1013 7336
6213 7337
5355 7338
4393 7339
1853 7340
4515 7341
4285 7342
6680 7343
4376 7344
1868 7345
2241 7346
1497 7347
6408 7348
1773 7349
7349 7350
4693 7351
1787 7352
1640 7353
185 7354
1267 7355
4203 7356
7532 7357
6696 7358
6974 7359
1529 7360
4552 7361
4072 7362
7385 7363
614 7364
2326 7365
5728 7366
3036 7367
5022 7368
734 7369
1276 7370
4319 7371
3754 7372
2891 7373
4052 7374
5210 7375
3601 7376
7474 7377
79 7378
6124 7379
4885 7380
4464 7381
6689 7382
1788 7383
1879 7384
6355 7385
1969 7386
383 7387
493 7388
2415 7389
744 7390
7404 7391
729 7392
106 7393
6909 7394
6820 7395
4725 7396
2367 7397
6358 7398
3006 7399
6262 7400
7459 7401
4705 7402
3466 7403
5737 7404
5275 7405
3003 7406
6131 7407
3634 7408
4798 7409
5812 7410
6242 7411
5654 7412
4441 7413
6398 7414
1317 7415
5644 7416
5110 7417
5496 7418
415 7419
977 7420
6092 7421
1726 7422
3223 7423
4458 7424
83 7425
4675 7426
5773 7427
800 7428
4579 7429
3143 7430
7490 7431
5202 7432
2340 7433
3047 7434
6338 7435
6507 7436
748 7437
1651 7438
3444 7439
6013 7440
116 7441
6363 7442
711 7443
5853 7444
2313 7445
7025 7446
4316 7447
773 7448
4343 7449
203 7450
7079 7451
2599 7452
7419 7453
2425 7454
2690 7455
3387 7456
1997 7457
478 7458
5032 7459
47 7460
2899 7461
2753 7462
5893 7463
701 7464
91 7465
414 7466
994 7467
5800 7468
1757 7469
31 7470
565 7471
5915 7472
1758 7473
2475 7474
5132 7475
2936 7476
4651 7477
681 7478
6414 7479
4320 7480
2670 7481
167 7482
6540 7483
2989 7484
2703 7485
5543 7486
4162 7487
5849 7488
7047 7489
5064 7490
6832 7491
2260 7492
4047 7493
4925 7494
2564 7495
1794 7496
3568 7497
5128 7498
6604 7499
5650 7500
1352 7501
5425 7502
5175 7503
4551 7504
370 7505
4827 7506
4887 7507
1660 7508
4855 7509
5121 7510
4635 7511
5809 7512
7 7513
5157 7514
4893 7515
7242 7516
2275 7517
5715 7518
2060 7519
4250 7520
4243 7521
3459 7522
4712 7523
1313 7524
3345 7525
7160 7526
6303 7527
1221 7528
6162 7529
4195 7530
4280 7531
2150 7532
641 7533
4672 7534
1321 7535
407 7536
6763 7537
1691 7538
62 7539
5165 7540
5916 7541
4177 7542
1160 7543
7049 7544
2584 7545
4081 7546
5454 7547
6100 7548
6331 7549
2369 7550
5677 7551
5854 7552
2488 7553
1208 7554
250 7555
709 7556
246 7557
1185 7558
6942 7559
7123 7560
5328 7561
4939 7562
5318 7563
4979 7564
3041 7565
5668 7566
2081 7567
1589 7568
970 7569
3121 7570
854 7571
6627 7572
4088 7573
4462 7574
784 7575
3338 7576
3856 7577
1263 7578
798 7579
3500 7580
2395 7581
4517 7582
304 7583
4332 7584
4986 7585
2382 7586
1962 7587
6572 7588
1534 7589
2321 7590
5106 7591
1102 7592
5810 7593
2263 7594
2516 7595
706 7596
4129 7597
3905 7598
2491 7599
4490 7600
4365 7601
5405 7602
5409 7603
6517 7604
16 7605
5564 7606
1147 7607
4853 7608
3259 7609
2716 7610
5442 7611
5227 7612
6687 7613
6083 7614
70 7615
430 7616
3504 7617
7260 7618
3927 7619
3333 7620
5961 7621
6639 7622
632 7623
2640 7624
6381 7625
7491 7626
2217 7627
7451 7628
4116 7629
3496 7630
86 7631
1136 7632
7185 7633
5978 7634
5852 7635
3120 7636
4733 7637
6400 7638
4482 7639
920 7640
7359 7641
3907 7642
6164 7643
4396 7644
314 7645
1015 7646
3882 7647
505 7648
6349 7649
3141 7650
2017 7651
4906 7652
2220 7653
2405 7654
6647 7655
6611 7656
6051 7657
3739 7658
6161 7659
3156 7660
5483 7661
6777 7662
7512 7663
5913 7664
2780 7665
1584 7666
1304 7667
2375 7668
946 7669
2250 7670
2202 7671
28 7672
1214 7673
7287 7674
2591 7675
2771 7676
2248 7677
4549 7678
7399 7679
6287 7680
1339 7681
2646 7682
6103 7683
4773 7684
3804 7685
1381 7686
6794 7687
2787 7688
2152 7689
2556 7690
5947 7691
5512 7692
3163 7693
1839 7694
3759 7695
819 7696
7035 7697
2722 7698
1239 7699
5902 7700
2762 7701
4185 7702
5537 7703
7521 7704
7452 7705
2883 7706
2376 7707
1088 7708
4001 7709
2211 7710
5946 7711
3949 7712
4897 7713
230 7714
6084 7715
2038 7716
3296 7717
5071 7718
2752 7719
2846 7720
7301 7721
1763 7722
3929 7723
3443 7724
1402 7725
5083 7726
3987 7727
1336 7728
737 7729
4900 7730
625 7731
951 7732
7270 7733
4722 7734
5035 7735
3055 7736
6060 7737
7161 7738
3400 7739
2995 7740
6324 7741
934 7742
2614 7743
6441 7744
6101 7745
5607 7746
1064 7747
2136 7748
3470 7749
6344 7750
1944 7751
2774 7752
7413 7753
2731 7754
5291 7755
1597 7756
870 7757
3563 7758
5942 7759
6914 7760
5308 7761
4137 7762
1768 7763
348 7764
1606 7765
1142 7766
1121 7767
2284 7768
5779 7769
3650 7770
1743 7771
306 7772
4417 7773
7274 7774
4200 7775
649 7776
5885 7777
1305 7778
5791 7779
519 7780
6388 7781
1897 7782
7312 7783
5338 7784
4871 7785
271 7786
5364 7787
6064 7788
7208 7789
1138 7790
4946 7791
975 7792
6012 7793
2589 7794
5772 7795
5630 7796
1590 7797
5380 7798
4729 7799
7150 7800
5005 7801
5753 7802
618 7803
4658 7804
1294 7805
1030 7806
4286 7807
2935 7808
5675 7809
4756 7810
6489 7811
4169 7812
5899 7813
5491 7814
3710 7815
5695 7816
4626 7817
6543 7818
5701 7819
714 7820
239 7821
4378 7822
5421 7823
2624 7824
3844 7825
6321 7826
1736 7827
3468 7828
4799 7829
5353 7830
3351 7831
5002 7832
4542 7833
1737 7834
5891 7835
889 7836
3584 7837
5575 7838
4615 7839
2888 7840
7028 7841
406 7842
5354 7843
3775 7844
3680 7845
151 7846
3784 7847
2277 7848
1936 7849
1502 7850
4688 7851
4507 7852
2985 7853
5494 7854
6498 7855
3042 7856
7383 7857
2141 7858
93 7859
7039 7860
6138 7861
5315 7862
6036 7863
2336 7864
3677 7865
1951 7866
23 7867
1565 7868
6751 7869
6072 7870
1735 7871
2920 7872
1808 7873
4761 7874
7485 7875
5625 7876
6833 7877
5116 7878
471 7879
5749 7880
3132 7881
2803 7882
78 7883
7543 7884
7325 7885
2805 7886
3202 7887
2744 7888
5221 7889
4205 7890
2180 7891
747 7892
157 7893
1683 7894
4772 7895
6268 7896
6351 7897
6078 7898
755 7899
1426 7900
1118 7901
6602 7902
150 7903
7180 7904
3197 7905
6576 7906
57 7907
311 7908
4135 7909
5244 7910
2328 7911
5195 7912
1715 7913
4224 7914
7530 7915
1848 7916
2734 7917
561 7918
4876 7919
5781 7920
5452 7921
4445 7922
254 7923
895 7924
3017 7925
146 7926
2125 7927
1503 7928
4277 7929
2651 7930
5438 7931
6057 7932
5850 7933
3445 7934
5384 7935
5591 7936
2552 7937
4829 7938
2958 7939
2798 7940
3014 7941
790 7942
5456 7943
7207 7944
3698 7945
65 7946
4255 7947
1281 7948
2579 7949
3140 7950
7487 7951
4627 7952
2048 7953
7271 7954
2094 7955
409 7956
568 7957
473 7958
7190 7959
6807 7960
1011 7961
3999 7962
4218 7963
771 7964
3083 7965
5708 7966
675 7967
528 7968
4276 7969
2507 7970
3576 7971
3380 7972
1738 7973
942 7974
7466 7975
3516 7976
7052 7977
7264 7978
529 7979
807 7980
7198 7981
3472 7982
309 7983
2151 7984
4454 7985
6595 7986
5690 7987
1731 7988
513 7989
2887 7990
1156 7991
3817 7992
2940 7993
947 7994
2676 7995
3979 7996
2437 7997
3530 7998
2381 7999
155 8000
4202 8001
739 8002
3760 8003
5140 8004
1110 8005
472 8006
2074 8007
6568 8008
334 8009
2826 8010
5963 8011
7067 8012
5909 8013
5134 8014
599 8015
7169 8016
3329 8017
4204 8018
5464 8019
6998 8020
5423 8021
4524 8022
7073 8023
7306 8024
5914 8025
6787 8026
3185 8027
4905 8028
459 8029
6472 8030
4419 8031
3874 8032
3009 8033
7187 8034
1204 8035
3826 8036
3637 8037
120 8038
3038 8039
2838 8040
3919 8041
7002 8042
5414 8043
1692 8044
2480 8045
3004 8046
3665 8047
6731 8048
3849 8049
1553 8050
181 8051
6874 8052
2299 8053
824 8054
7093 8055
6073 8056
1634 8057
4545 8058
6638 8059
2210 8060
3306 8061
4850 8062
735 8063
1696 8064
4697 8065
636 8066
4392 8067
5321 8068
4930 8069
1162 8070
4760 8071
558 8072
6943 8073
6460 8074
6366 8075
2346 8076
1116 8077
4934 8078
6933 8079
2817 8080
3030 8081
4170 8082
6928 8083
6607 8084
5857 8085
6451 8086
5368 8087
6732 8088
5222 8089
6061 8090
6983 8091
5079 8092
6085 8093
3319 8094
7427 8095
4896 8096
713 8097
6251 8098
4947 8099
6122 8100
728 8101
1266 8102
2853 8103
3561 8104
1523 8105
2416 8106
5871 8107
4007 8108
5526 8109
6436 8110
5653 8111
6295 8112
4535 8113
6105 8114
4132 8115
5821 8116
398 8117
6418 8118
4691 8119
2339 8120
3792 8121
7462 8122
3806 8123
6389 8124
2884 8125
7111 8126
1080 8127
7517 8128
2781 8129
3610 8130
4933 8131
5365 8132
5616 8133
2155 8134
3433 8135
5652 8136
3474 8137
6189 8138
7528 8139
3096 8140
2994 8141
2550 8142
4782 8143
3668 8144
5571 8145
6464 8146
2460 8147
4174 8148
2146 8149
3307 8150
2454 8151
4598 8152
857 8153
5426 8154
1220 8155
6562 8156
866 8157
7433 8158
1043 8159
2085 8160
2740 8161
7267 8162
4476 8163
6179 8164
4486 8165
7371 8166
3812 8167
3377 8168
3545 8169
4246 8170
7429 8171
2447 8172
3738 8173
731 8174
1811 8175
2576 8176
323 8177
5641 8178
6097 8179
154 8180
3113 8181
699 8182
5263 8183
1703 8184
6247 8185
6701 8186
5191 8187
1741 8188
2537 8189
4594 8190
7196 8191
3258 8192
369 8193
4928 8194
3729 8195
3815 8196
3565 8197
4665 8198
698 8199
3266 8200
6158 8201
3891 8202
3523 8203
4968 8204
1902 8205
1009 8206
5555 8207
4984 8208
745 8209
3183 8210
2295 8211
3892 8212
2404 8213
2638 8214
7000 8215
3900 8216
6796 8217
3527 8218
3823 8219
3836 8220
1753 8221
4463 8222
364 8223
2327 8224
1718 8225
2643 8226
1618 8227
393 8228
33 8229
904 8230
5386 8231
4919 8232
3858 8233
3984 8234
6471 8235
3126 8236
1264 8237
2119 8238
5788 8239
294 8240
4421 8241
3355 8242
6284 8243
6462 8244
1396 8245
5300 8246
4661 8247
3940 8248
4617 8249
6682 8250
6629 8251
2945 8252
603 8253
575 8254
6136 8255
1870 8256
6176 8257
1929 8258
7392 8259
5286 8260
3091 8261
4406 8262
5618 8263
5203 8264
1230 8265
2998 8266
7425 8267
6671 8268
5019 8269
5253 8270
6304 8271
5603 8272
2522 8273
8 8274
1817 8275
3996 8276
3704 8277
7212 8278
5231 8279
1041 8280
691 8281
4150 8282
6960 8283
6045 8284
4323 8285
7456 8286
2610 8287
640 8288
3095 8289
2127 8290
3761 8291
4961 8292
6654 8293
5145 8294
5270 8295
5096 8296
6030 8297
2484 8298
2790 8299
4321 8300
659 8301
5042 8302
6102 8303
629 8304
3059 8305
7122 8306
1775 8307
1240 8308
6574 8309
4740 8310
5834 8311
5504 8312
194 8313
2586 8314
2755 8315
2423 8316
5842 8317
102 8318
4917 8319
4749 8320
1051 8321
1822 8322
3316 8323
3129 8324
2158 8325
6553 8326
7529 8327
7347 8328
7376 8329
3752 8330
3357 8331
7050 8332
3702 8333
1216 8334
1329 8335
7066 8336
2886 8337
780 8338
4034 8339
4138 8340
399 8341
1178 8342
4735 8343
2616 8344
1941 8345
2406 8346
4743 8347
3241 8348
6427 8349
2834 8350
4083 8351
2951 8352
5634 8353
1824 8354
6267 8355
3918 8356
4142 8357
4272 8358
6648 8359
2860 8360
4222 8361
178 8362
695 8363
5703 8364
774 8365
998 8366
2659 8367
4910 8368
6404 8369
2878 8370
1580 8371
6610 8372
204 8373
5304 8374
5312 8375
3550 8376
2928 8377
3925 8378
3546 8379
5549 8380
4288 8381
3196 8382
1882 8383
2988 8384
2009 8385
2040 8386
80 8387
2897 8388
6433 8389
1958 8390
6004 8391
1861 8392
6780 8393
6120 8394
6183 8395
6159 8396
2008 8397
7326 8398
7211 8399
3160 8400
2357 8401
7107 8402
2440 8403
7516 8404
5839 8405
3107 8406
7203 8407
879 8408
4438 8409
6221 8410
2441 8411
3442 8412
1151 8413
4453 8414
3109 8415
3184 8416
2869 8417
4903 8418
6666 8419
2981 8420
4220 8421
2123 8422
4248 8423
1420 8424
4179 8425
264 8426
7350 8427
3372 8428
7284 8429
6256 8430
3367 8431
6724 8432
5466 8433
5540 8434
5489 8435
7397 8436
136 8437
5213 8438
3773 8439
1108 8440
7192 8441
3660 8442
6119 8443
723 8444
5774 8445
6672 8446
7213 8447
3666 8448
4161 8449
6927 8450
1179 8451
988 8452
2619 8453
4851 8454
2352 8455
7538 8456
2359 8457
1395 8458
1710 8459
1170 8460
667 8461
4570 8462
2675 8463
2792 8464
400 8465
4068 8466
750 8467
5531 8468
4839 8469
4074 8470
5441 8471
2077 8472
5919 8473
848 8474
232 8475
6005 8476
2139 8477
2112 8478
7048 8479
2075 8480
6999 8481
2567 8482
5769 8483
6015 8484
4223 8485
5010 8486
6054 8487
2457 8488
527 8489
125 8490
5840 8491
4480 8492
2919 8493
5246 8494
1928 8495
4988 8496
5579 8497
4561 8498
5147 8499
3001 8500
2228 8501
939 8502
1222 8503
2387 8504
916 8505
5866 8506
974 8507
585 8508
2130 8509
5780 8510
655 8511
1201 8512
4103 8513
858 8514
4066 8515
883 8516
2526 8517
7338 8518
5206 8519
3517 8520
2684 8521
7152 8522
6536 8523
6465 8524
5952 8525
7076 8526
4816 8527
6945 8528
718 8529
5181 8530
5078 8531
7021 8532
6664 8533
5020 8534
4678 8535
3705 8536
1830 8537
7074 8538
195 8539
7098 8540
3463 8541
7247 8542
5085 8543
2473 8544
1163 8545
328 8546
4985 8547
4609 8548
6017 8549
1379 8550
5682 8551
4766 8552
4962 8553
7337 8554
6972 8555
