711 1001
1013 1002
764 1003
2283 1004
720 1005
1237 1006
746 1007
1448 1008
2061 1009
1140 1010
1292 1011
1182 1012
1145 1013
3225 1014
3258 1015
1225 1016
1175 1017
1194 1018
505 1019
3317 1020
528 1021
1609 1022
1143 1023
1205 1024
1259 1025
1265 1026
448 1027
3037 1028
1339 1029
3481 1030
3066 1031
1508 1032
639 1033
1 1034
726 1035
742 1036
717 1037
1554 1038
751 1039
1537 1040
2514 1041
1545 1042
1818 1043
1522 1044
731 1045
1122 1046
950 1047
638 1048
937 1049
2329 1050
952 1051
1619 1052
699 1053
1511 1054
645 1055
733 1056
1488 1057
161 1058
1332 1059
1549 1060
3218 1061
3701 1062
1183 1063
1456 1064
1266 1065
1133 1066
179 1067
1198 1068
762 1069
1179 1070
2806 1071
32 1072
3970 1073
3969 1074
3069 1075
1631 1076
612 1077
186 1078
160 1079
1043 1080
1040 1081
1046 1082
1455 1083
475 1084
166 1085
1260 1086
516 1087
378 1088
1216 1089
1309 1090
2038 1091
1068 1092
1528 1093
94 1094
1447 1095
1913 1096
810 1097
2436 1098
1627 1099
650 1100
1230 1101
1572 1102
2408 1103
1533 1104
1012 1105
1559 1106
1146 1107
2114 1108
486 1109
1184 1110
1151 1111
379 1112
468 1113
76 1114
1163 1115
2081 1116
1111 1117
1117 1118
1156 1119
310 1120
388 1121
426 1122
501 1123
2861 1124
1086 1125
2709 1126
1191 1127
59 1128
3189 1129
2958 1130
1558 1131
3164 1132
417 1133
469 1134
1570 1135
3017 1136
456 1137
3242 1138
706 1139
1075 1140
3266 1141
1042 1142
233 1143
3564 1144
207 1145
1348 1146
3632 1147
2572 1148
911 1149
1234 1150
2036 1151
1058 1152
2013 1153
228 1154
3425 1155
527 1156
1277 1157
1599 1158
786 1159
905 1160
806 1161
3649 1162
1526 1163
799 1164
3650 1165
979 1166
827 1167
4394 1168
2694 1169
818 1170
3626 1171
1633 1172
1320 1173
3558 1174
3391 1175
3343 1176
3546 1177
3621 1178
2481 1179
2479 1180
3658 1181
3596 1182
3646 1183
3708 1184
3881 1185
3801 1186
3898 1187
4179 1188
2877 1189
4439 1190
4506 1191
781 1192
743 1193
389 1194
1270 1195
2236 1196
794 1197
470 1198
3714 1199
355 1200
1235 1201
4476 1202
3353 1203
1783 1204
4385 1205
539 1206
1385 1207
1781 1208
4 1209
316 1210
315 1211
4006 1212
3160 1213
3554 1214
1584 1215
1509 1216
962 1217
483 1218
983 1219
1548 1220
3115 1221
465 1222
2540 1223
671 1224
402 1225
956 1226
446 1227
440 1228
391 1229
1576 1230
1123 1231
3407 1232
383 1233
957 1234
1505 1235
431 1236
1077 1237
454 1238
1116 1239
2707 1240
1125 1241
3241 1242
441 1243
437 1244
2429 1245
613 1246
976 1247
1551 1248
427 1249
700 1250
2126 1251
2125 1252
449 1253
418 1254
2702 1255
2028 1256
1539 1257
460 1258
477 1259
3 1260
499 1261
2493 1262
1580 1263
974 1264
972 1265
4129 1266
4010 1267
978 1268
945 1269
606 1270
3943 1271
428 1272
876 1273
4275 1274
3922 1275
3778 1276
4405 1277
464 1278
2814 1279
1914 1280
2556 1281
1109 1282
800 1283
703 1284
2643 1285
2419 1286
2310 1287
3214 1288
1582 1289
1901 1290
3584 1291
3696 1292
3875 1293
3897 1294
3398 1295
3311 1296
3877 1297
338 1298
347 1299
361 1300
660 1301
4041 1302
2904 1303
3209 1304
3770 1305
934 1306
3259 1307
2097 1308
3297 1309
339 1310
2720 1311
4029 1312
2722 1313
3420 1314
4201 1315
4192 1316
4212 1317
4039 1318
4295 1319
4399 1320
4396 1321
4353 1322
4340 1323
4364 1324
4296 1325
4467 1326
4252 1327
4388 1328
3374 1329
2388 1330
728 1331
3817 1332
2590 1333
1667 1334
1196 1335
1011 1336
1229 1337
3816 1338
3097 1339
995 1340
2263 1341
994 1342
836 1343
3828 1344
322 1345
2093 1346
3771 1347
2782 1348
3121 1349
2337 1350
197 1351
2868 1352
3508 1353
4165 1354
3040 1355
4154 1356
4251 1357
390 1358
4282 1359
1280 1360
1969 1361
2462 1362
1088 1363
1073 1364
2784 1365
2631 1366
2316 1367
2562 1368
3134 1369
3191 1370
1562 1371
165 1372
3700 1373
164 1374
909 1375
3641 1376
1085 1377
3451 1378
2284 1379
3154 1380
2736 1381
372 1382
2 1383
3046 1384
3155 1385
3235 1386
3265 1387
57 1388
1416 1389
2715 1390
3339 1391
916 1392
2535 1393
3399 1394
2017 1395
3368 1396
2892 1397
3364 1398
343 1399
2437 1400
3347 1401
2874 1402
2407 1403
2657 1404
3475 1405
3496 1406
3521 1407
3540 1408
3427 1409
3692 1410
3502 1411
3662 1412
3585 1413
3629 1414
3634 1415
3608 1416
3581 1417
3675 1418
3619 1419
3703 1420
3586 1421
3563 1422
3679 1423
3691 1424
3788 1425
3822 1426
3595 1427
3810 1428
3859 1429
3830 1430
3680 1431
3762 1432
3792 1433
3718 1434
3811 1435
3750 1436
3900 1437
3444 1438
3917 1439
3940 1440
3906 1441
4044 1442
4020 1443
3921 1444
3642 1445
3960 1446
3937 1447
4038 1448
4008 1449
4014 1450
3992 1451
3997 1452
4036 1453
3623 1454
4113 1455
4135 1456
4025 1457
4126 1458
4272 1459
4262 1460
4152 1461
4049 1462
4121 1463
4259 1464
4271 1465
4280 1466
4203 1467
4300 1468
4160 1469
4137 1470
4191 1471
4217 1472
3666 1473
4255 1474
4288 1475
4342 1476
4158 1477
4163 1478
4449 1479
4450 1480
4359 1481
4401 1482
4119 1483
4372 1484
4454 1485
4441 1486
4459 1487
4451 1488
4474 1489
4400 1490
4374 1491
4460 1492
4323 1493
4328 1494
4383 1495
4347 1496
4458 1497
4482 1498
4419 1499
4360 1500
4411 1501
1100 1502
1555 1503
1519 1504
1375 1505
856 1506
1199 1507
1057 1508
1227 1509
1542 1510
2342 1511
2181 1512
1567 1513
2818 1514
873 1515
1718 1516
2067 1517
1557 1518
404 1519
408 1520
749 1521
438 1522
1395 1523
1166 1524
1217 1525
1197 1526
636 1527
44 1528
481 1529
734 1530
1444 1531
3543 1532
1311 1533
424 1534
2682 1535
1016 1536
2960 1537
4188 1538
1374 1539
4256 1540
4040 1541
4338 1542
4310 1543
2195 1544
3384 1545
393 1546
134 1547
2690 1548
2240 1549
2466 1550
3076 1551
2168 1552
2184 1553
2201 1554
1771 1555
1498 1556
3357 1557
1550 1558
1226 1559
359 1560
4092 1561
1396 1562
3149 1563
4381 1564
1314 1565
1426 1566
4260 1567
888 1568
1241 1569
1941 1570
2325 1571
365 1572
1756 1573
2417 1574
2446 1575
971 1576
975 1577
967 1578
1279 1579
1192 1580
895 1581
1213 1582
1351 1583
1454 1584
221 1585
918 1586
741 1587
670 1588
457 1589
631 1590
1253 1591
386 1592
1171 1593
659 1594
2871 1595
2732 1596
1574 1597
1324 1598
1404 1599
988 1600
463 1601
1030 1602
1994 1603
385 1604
600 1605
594 1606
677 1607
683 1608
688 1609
992 1610
416 1611
668 1612
173 1613
1169 1614
1625 1615
915 1616
78 1617
2813 1618
1782 1619
1007 1620
3348 1621
2551 1622
1784 1623
1587 1624
771 1625
615 1626
3207 1627
1240 1628
616 1629
91 1630
2167 1631
1401 1632
1590 1633
85 1634
939 1635
1355 1636
429 1637
1531 1638
1340 1639
1910 1640
3163 1641
1177 1642
2519 1643
4150 1644
2642 1645
3505 1646
3433 1647
3625 1648
3764 1649
1885 1650
3204 1651
3763 1652
1408 1653
2997 1654
1070 1655
1518 1656
1409 1657
2495 1658
3276 1659
843 1660
832 1661
829 1662
830 1663
758 1664
841 1665
1327 1666
834 1667
2921 1668
1153 1669
630 1670
3852 1671
163 1672
669 1673
725 1674
618 1675
647 1676
3430 1677
837 1678
1432 1679
2287 1680
704 1681
701 1682
459 1683
982 1684
2302 1685
664 1686
1414 1687
2204 1688
1415 1689
1651 1690
1066 1691
792 1692
1180 1693
710 1694
1394 1695
552 1696
1495 1697
2356 1698
1223 1699
2588 1700
1087 1701
760 1702
1055 1703
1138 1704
685 1705
558 1706
2586 1707
450 1708
1541 1709
1142 1710
478 1711
814 1712
1107 1713
678 1714
1884 1715
498 1716
559 1717
819 1718
765 1719
1386 1720
1128 1721
1451 1722
1915 1723
1979 1724
295 1725
514 1726
1047 1727
2619 1728
6 1729
1872 1730
880 1731
2465 1732
1431 1733
1710 1734
986 1735
473 1736
3092 1737
147 1738
1514 1739
3261 1740
908 1741
1847 1742
3872 1743
3862 1744
3226 1745
2776 1746
2764 1747
321 1748
3624 1749
4026 1750
4023 1751
3011 1752
1749 1753
1329 1754
1120 1755
1967 1756
977 1757
663 1758
989 1759
1023 1760
1393 1761
1165 1762
535 1763
722 1764
951 1765
871 1766
1398 1767
3334 1768
1439 1769
2046 1770
3047 1771
2975 1772
1423 1773
4270 1774
4415 1775
2585 1776
20 1777
117 1778
798 1779
2573 1780
591 1781
589 1782
1527 1783
149 1784
1578 1785
2268 1786
110 1787
168 1788
883 1789
769 1790
932 1791
847 1792
712 1793
2009 1794
77 1795
111 1796
1573 1797
1303 1798
1041 1799
2219 1800
2218 1801
396 1802
455 1803
1768 1804
1134 1805
1524 1806
1252 1807
2881 1808
1648 1809
2367 1810
2158 1811
3864 1812
3667 1813
2778 1814
1018 1815
1341 1816
1207 1817
642 1818
3651 1819
3421 1820
1155 1821
3381 1822
2903 1823
2041 1824
1051 1825
1187 1826
3720 1827
2661 1828
2203 1829
1403 1830
2448 1831
822 1832
3731 1833
1744 1834
879 1835
597 1836
4187 1837
3108 1838
503 1839
521 1840
500 1841
174 1842
785 1843
2989 1844
3355 1845
3476 1846
656 1847
4177 1848
2173 1849
1112 1850
2153 1851
157 1852
1127 1853
2594 1854
4507 1855
1119 1856
4153 1857
964 1858
960 1859
508 1860
2501 1861
1932 1862
955 1863
3637 1864
831 1865
3386 1866
1009 1867
324 1868
1076 1869
1959 1870
996 1871
1154 1872
1315 1873
326 1874
2503 1875
2842 1876
3051 1877
1306 1878
3841 1879
1585 1880
1845 1881
2641 1882
2882 1883
224 1884
4070 1885
1236 1886
2299 1887
4395 1888
1975 1889
387 1890
4227 1891
1681 1892
1162 1893
4503 1894
4386 1895
3967 1896
2194 1897
1755 1898
965 1899
2343 1900
167 1901
1147 1902
729 1903
923 1904
2169 1905
2226 1906
2080 1907
3663 1908
981 1909
2328 1910
1071 1911
1692 1912
2623 1913
1045 1914
89 1915
1032 1916
436 1917
2518 1918
779 1919
770 1920
2624 1921
716 1922
3437 1923
1461 1924
941 1925
679 1926
3832 1927
824 1928
735 1929
953 1930
1181 1931
193 1932
178 1933
2351 1934
2180 1935
1974 1936
1743 1937
985 1938
970 1939
961 1940
1350 1941
2315 1942
708 1943
3119 1944
2812 1945
3498 1946
1368 1947
2402 1948
2999 1949
1360 1950
1224 1951
2872 1952
2286 1953
2839 1954
1502 1955
697 1956
866 1957
25 1958
2022 1959
573 1960
524 1961
1661 1962
753 1963
180 1964
1440 1965
4330 1966
1421 1967
1352 1968
2091 1969
568 1970
1257 1971
1139 1972
1273 1973
2405 1974
1933 1975
2668 1976
1245 1977
2141 1978
2108 1979
2253 1980
1248 1981
1281 1982
1000 1983
3704 1984
1200 1985
3499 1986
232 1987
2723 1988
3930 1989
3079 1990
1308 1991
1504 1992
4002 1993
1275 1994
4051 1995
840 1996
4055 1997
4073 1998
1158 1999
4166 2000
4228 2001
928 2002
3965 2003
4278 2004
4168 2005
4313 2006
4435 2007
2354 2008
189 2009
93 2010
4489 2011
4486 2012
4487 2013
4488 2014
1388 2015
2224 2016
2606 2017
187 2018
2735 2019
2922 2020
192 2021
1780 2022
1157 2023
3843 2024
1470 2025
3551 2026
4007 2027
4230 2028
3648 2029
3664 2030
817 2031
4231 2032
90 2033
1296 2034
1325 2035
2132 2036
1384 2037
946 2038
2832 2039
2489 2040
3288 2041
1131 2042
1206 2043
1208 2044
3812 2045
4220 2046
3968 2047
987 2048
1935 2049
1231 2050
1583 2051
1663 2052
1510 2053
1256 2054
2318 2055
3826 2056
2024 2057
595 2058
1400 2059
674 2060
2135 2061
747 2062
2461 2063
1250 2064
2100 2065
860 2066
820 2067
175 2068
1772 2069
158 2070
1305 2071
199 2072
549 2073
512 2074
886 2075
2584 2076
49 2077
2537 2078
230 2079
2162 2080
1998 2081
181 2082
1720 2083
3907 2084
1081 2085
7 2086
1851 2087
761 2088
517 2089
466 2090
357 2091
3410 2092
1420 2093
513 2094
356 2095
1172 2096
2088 2097
2349 2098
966 2099
377 2100
1853 2101
2007 2102
2341 2103
925 2104
368 2105
4169 2106
358 2107
506 2108
489 2109
2330 2110
1581 2111
3791 2112
2209 2113
3159 2114
2620 2115
3434 2116
607 2117
2193 2118
337 2119
1161 2120
1654 2121
1185 2122
1288 2123
414 2124
2654 2125
1476 2126
924 2127
336 2128
2070 2129
662 2130
675 2131
926 2132
2246 2133
2728 2134
511 2135
750 2136
1378 2137
1132 2138
183 2139
4495 2140
2063 2141
632 2142
640 2143
3099 2144
1137 2145
2001 2146
2183 2147
2235 2148
1535 2149
4414 2150
1453 2151
2008 2152
1377 2153
374 2154
290 2155
1515 2156
453 2157
614 2158
862 2159
609 2160
3091 2161
381 2162
1490 2163
973 2164
1064 2165
2543 2166
1392 2167
1203 2168
2962 2169
1658 2170
1391 2171
727 2172
667 2173
54 2174
1442 2175
2053 2176
231 2177
2056 2178
865 2179
458 2180
504 2181
1629 2182
293 2183
298 2184
714 2185
1886 2186
507 2187
1044 2188
1770 2189
4200 2190
395 2191
885 2192
1021 2193
1069 2194
3949 2195
482 2196
2823 2197
2146 2198
2189 2199
575 2200
376 2201
502 2202
3500 2203
311 2204
1364 2205
637 2206
673 2207
472 2208
462 2209
949 2210
1053 2211
1062 2212
162 2213
1141 2214
942 2215
930 2216
2847 2217
354 2218
2130 2219
1167 2220
1204 2221
1433 2222
3166 2223
943 2224
778 2225
1793 2226
425 2227
1626 2228
3860 2229
1115 2230
1114 2231
522 2232
467 2233
1829 2234
713 2235
3617 2236
1126 2237
754 2238
1483 2239
2515 2240
1816 2241
1803 2242
1239 2243
1628 2244
1630 2245
2152 2246
1038 2247
936 2248
1211 2249
1291 2250
4402 2251
314 2252
828 2253
882 2254
901 2255
485 2256
3517 2257
3114 2258
2558 2259
184 2260
2308 2261
641 2262
693 2263
264 2264
947 2265
410 2266
398 2267
1916 2268
2062 2269
409 2270
1118 2271
1149 2272
1517 2273
1516 2274
869 2275
3031 2276
1493 2277
4174 2278
763 2279
3077 2280
439 2281
403 2282
1636 2283
1121 2284
1659 2285
451 2286
2570 2287
2345 2288
33 2289
3789 2290
1450 2291
1331 2292
2136 2293
4232 2294
4233 2295
3785 2296
1052 2297
1882 2298
3722 2299
471 2300
476 2301
4054 2302
661 2303
1130 2304
1006 2305
2401 2306
2611 2307
1821 2308
282 2309
362 2310
625 2311
1449 2312
2370 2313
1150 2314
1752 2315
3824 2316
1220 2317
491 2318
3354 2319
1874 2320
1642 2321
1656 2322
655 2323
1387 2324
653 2325
3053 2326
2856 2327
2133 2328
3098 2329
997 2330
617 2331
222 2332
2566 2333
1176 2334
608 2335
624 2336
3312 2337
1513 2338
2109 2339
3018 2340
2339 2341
1186 2342
2128 2343
2528 2344
350 2345
518 2346
349 2347
348 2348
2147 2349
360 2350
780 2351
3790 2352
2646 2353
2967 2354
654 2355
1164 2356
2950 2357
695 2358
1399 2359
1337 2360
1063 2361
2298 2362
903 2363
493 2364
2073 2365
2768 2366
715 2367
37 2368
2297 2369
1536 2370
621 2371
686 2372
1195 2373
1507 2374
692 2375
2660 2376
2659 2377
3972 2378
4345 2379
2347 2380
363 2381
1264 2382
694 2383
2197 2384
430 2385
406 2386
369 2387
3657 2388
858 2389
4100 2390
3993 2391
4134 2392
1106 2393
1589 2394
2769 2395
3531 2396
3941 2397
461 2398
443 2399
1110 2400
2686 2401
1929 2402
3715 2403
3846 2404
1909 2405
2207 2406
1903 2407
3953 2408
533 2409
3271 2410
4110 2411
984 2412
188 2413
4297 2414
1544 2415
4465 2416
3157 2417
3219 2418
3050 2419
141 2420
1244 2421
4306 2422
4443 2423
3088 2424
1680 2425
1283 2426
2628 2427
4327 2428
1980 2429
2546 2430
2569 2431
1837 2432
3073 2433
3243 2434
3533 2435
525 2436
3182 2437
3369 2438
3534 2439
1436 2440
3008 2441
2908 2442
1462 2443
242 2444
2779 2445
2859 2446
3568 2447
3168 2448
2554 2449
3330 2450
2454 2451
1868 2452
253 2453
864 2454
1806 2455
3910 2456
833 2457
602 2458
1566 2459
1553 2460
2392 2461
2364 2462
2688 2463
351 2464
2258 2465
1530 2466
2355 2467
1546 2468
793 2469
2696 2470
1221 2471
4417 2472
3869 2473
2766 2474
3325 2475
1857 2476
1786 2477
3458 2478
3741 2479
2774 2480
2880 2481
529 2482
825 2483
2693 2484
3101 2485
1952 2486
3861 2487
3865 2488
4064 2489
3745 2490
3640 2491
3702 2492
3472 2493
4034 2494
2179 2495
1927 2496
4066 2497
635 2498
3513 2499
31 2500
3842 2501
1839 2502
3125 2503
3370 2504
3023 2505
4111 2506
2396 2507
4000 2508
899 2509
2949 2510
3710 2511
2780 2512
177 2513
1604 2514
318 2515
3519 2516
3609 2517
1028 2518
3080 2519
86 2520
235 2521
1307 2522
3878 2523
3733 2524
1019 2525
3560 2526
835 2527
3418 2528
2319 2529
3687 2530
3440 2531
3329 2532
586 2533
3507 2534
2011 2535
2252 2536
2658 2537
2369 2538
3138 2539
2432 2540
3636 2541
1960 2542
3275 2543
3179 2544
1621 2545
538 2546
2910 2547
3633 2548
1712 2549
2761 2550
2955 2551
3743 2552
3645 2553
208 2554
2862 2555
41 2556
3620 2557
1976 2558
3542 2559
2163 2560
3471 2561
3856 2562
3905 2563
3747 2564
3896 2565
3890 2566
1726 2567
3397 2568
3403 2569
2438 2570
3137 2571
2887 2572
3042 2573
3776 2574
1612 2575
3925 2576
3935 2577
3173 2578
3904 2579
1702 2580
1898 2581
3193 2582
2533 2583
3952 2584
3944 2585
3951 2586
3371 2587
2926 2588
2563 2589
1973 2590
547 2591
3342 2592
991 2593
3473 2594
2907 2595
2854 2596
3749 2597
4076 2598
4032 2599
1944 2600
4024 2601
1738 2602
1402 2603
808 2604
1050 2605
2894 2606
2683 2607
2428 2608
2837 2609
2684 2610
1841 2611
2801 2612
2911 2613
852 2614
2627 2615
2740 2616
2865 2617
2786 2618
2276 2619
2791 2620
1552 2621
2875 2622
2322 2623
2954 2624
3014 2625
3058 2626
3036 2627
3056 2628
3176 2629
3232 2630
3233 2631
3086 2632
3282 2633
3291 2634
171 2635
3432 2636
821 2637
3518 2638
3501 2639
3573 2640
3594 2641
3539 2642
894 2643
1067 2644
1844 2645
2759 2646
2833 2647
2372 2648
3635 2649
2914 2650
2496 2651
384 2652
1842 2653
3796 2654
891 2655
3781 2656
3936 2657
2714 2658
1489 2659
1776 2660
3820 2661
3732 2662
4009 2663
3019 2664
3000 2665
341 2666
1649 2667
1920 2668
148 2669
1027 2670
407 2671
1049 2672
1035 2673
252 2674
241 2675
1644 2676
1159 2677
487 2678
1757 2679
1761 2680
1870 2681
969 2682
251 2683
868 2684
1103 2685
2025 2686
1822 2687
3052 2688
420 2689
1762 2690
643 2691
313 2692
2379 2693
564 2694
696 2695
684 2696
2030 2697
4013 2698
1080 2699
1300 2700
22 2701
413 2702
2023 2703
18 2704
1079 2705
1487 2706
1017 2707
870 2708
1902 2709
411 2710
1382 2711
1808 2712
1754 2713
317 2714
1317 2715
1407 2716
2293 2717
21 2718
2513 2719
1753 2720
1729 2721
1072 2722
1751 2723
1289 2724
812 2725
2664 2726
1608 2727
912 2728
1001 2729
2439 2730
593 2731
1571 2732
1425 2733
1349 2734
1412 2735
672 2736
757 2737
1152 2738
1458 2739
1135 2740
1732 2741
2227 2742
1318 2743
1370 2744
921 2745
2196 2746
557 2747
2795 2748
2510 2749
2254 2750
2139 2751
1503 2752
2467 2753
2143 2754
752 2755
3777 2756
1304 2757
4047 2758
776 2759
3234 2760
3156 2761
2186 2762
139 2763
3510 2764
826 2765
553 2766
3150 2767
2708 2768
2440 2769
3610 2770
1689 2771
2692 2772
1413 2773
555 2774
216 2775
592 2776
2953 2777
884 2778
1716 2779
2150 2780
2891 2781
3509 2782
2757 2783
1290 2784
1267 2785
1014 2786
1020 2787
1297 2788
2333 2789
1728 2790
784 2791
3126 2792
1022 2793
554 2794
803 2795
1263 2796
853 2797
797 2798
3783 2799
4037 2800
4162 2801
4197 2802
4176 2803
4213 2804
4234 2805
3939 2806
510 2807
2357 2808
2930 2809
4257 2810
4273 2811
2455 2812
1737 2813
2043 2814
620 2815
1473 2816
4406 2817
4407 2818
1478 2819
1463 2820
226 2821
237 2822
968 2823
3536 2824
1168 2825
1092 2826
1434 2827
1173 2828
2964 2829
603 2830
113 2831
1356 2832
1569 2833
1108 2834
2352 2835
1113 2836
648 2837
1323 2838
2508 2839
3415 2840
2612 2841
935 2842
2380 2843
523 2844
854 2845
519 2846
1418 2847
1807 2848
4056 2849
920 2850
1646 2851
432 2852
2399 2853
963 2854
401 2855
1992 2856
958 2857
796 2858
1597 2859
1389 2860
447 2861
646 2862
4117 2863
948 2864
1596 2865
4080 2866
4015 2867
1532 2868
3147 2869
1717 2870
1721 2871
1276 2872
1912 2873
1911 2874
2532 2875
1278 2876
3245 2877
3195 2878
1214 2879
4440 2880
2280 2881
1424 2882
92 2883
3217 2884
857 2885
2909 2886
1701 2887
3206 2888
3396 2889
3461 2890
3545 2891
3550 2892
3676 2893
1904 2894
2587 2895
3423 2896
484 2897
3287 2898
1005 2899
3998 2900
896 2901
2422 2902
4267 2903
3678 2904
4462 2905
4469 2906
2553 2907
1397 2908
373 2909
2858 2910
2278 2911
1668 2912
1471 2913
1301 2914
2730 2915
1321 2916
1136 2917
1222 2918
2731 2919
1947 2920
1295 2921
2005 2922
2389 2923
1272 2924
3267 2925
759 2926
3449 2927
2500 2928
3448 2929
3746 2930
927 2931
3957 2932
1991 2933
3760 2934
2860 2935
4138 2936
3647 2937
2140 2938
4157 2939
2129 2940
1820 2941
3497 2942
861 2943
4498 2944
2473 2945
4279 2946
4274 2947
2420 2948
3111 2949
2652 2950
2591 2951
1188 2952
530 2953
1600 2954
2494 2955
399 2956
4087 2957
3254 2958
1346 2959
3819 2960
1876 2961
2142 2962
2332 2963
2404 2964
2879 2965
2972 2966
1160 2967
596 2968
604 2969
599 2970
4483 2971
1048 2972
1930 2973
2382 2974
2666 2975
3738 2976
3382 2977
3587 2978
1347 2979
1319 2980
3327 2981
1924 2982
3346 2983
3769 2984
2751 2985
3070 2986
1758 2987
3726 2988
3227 2989
1638 2990
1497 2991
1878 2992
1189 2993
3013 2994
4309 2995
4382 2996
2748 2997
1987 2998
1986 2999
2033 3000
3333 3001
143 3002
2409 3003
998 3004
3152 3005
104 3006
2487 3007
3272 3008
3854 3009
3659 3010
2539 3011
2221 3012
2069 3013
2376 3014
366 3015
1428 3016
1429 3017
1441 3018
1435 3019
1366 3020
1353 3021
1417 3022
1427 3023
1825 3024
1956 3025
1958 3026
682 3027
2998 3028
3085 3029
3084 3030
3139 3031
3116 3032
364 3033
3180 3034
3303 3035
4095 3036
4375 3037
3293 3038
2166 3039
1547 3040
3313 3041
980 3042
1457 3043
2777 3044
2799 3045
2811 3046
2864 3047
2425 3048
2787 3049
3110 3050
3039 3051
3082 3052
3130 3053
496 3054
1494 3055
3836 3056
2393 3057
3263 3058
2951 3059
3247 3060
1635 3061
623 3062
2913 3063
3016 3064
2198 3065
2049 3066
445 3067
474 3068
929 3069
2608 3070
2363 3071
2574 3072
2746 3073
1010 3074
2857 3075
82 3076
1603 3077
3752 3078
1468 3079
2742 3080
4448 3081
4276 3082
2075 3083
1381 3084
1859 3085
1481 3086
2927 3087
1469 3088
1467 3089
1595 3090
1445 3091
4148 3092
4147 3093
610 3094
4444 3095
1856 3096
2447 3097
801 3098
1002 3099
40 3100
1611 3101
1405 3102
584 3103
1491 3104
1861 3105
1964 3106
1610 3107
3281 3108
4196 3109
3927 3110
3775 3111
3480 3112
4376 3113
1438 3114
1869 3115
2993 3116
2373 3117
938 3118
294 3119
1647 3120
3903 3121
4317 3122
4184 3123
1660 3124
1215 3125
2275 3126
4151 3127
2957 3128
4430 3129
536 3130
2670 3131
2675 3132
1655 3133
1917 3134
3593 3135
2963 3136
3428 3137
689 3138
3007 3139
1954 3140
4035 3141
4254 3142
2925 3143
3682 3144
1342 3145
2609 3146
24 3147
626 3148
1624 3149
3630 3150
2600 3151
3436 3152
289 3153
2603 3154
283 3155
280 3156
3021 3157
3756 3158
1209 3159
479 3160
622 3161
259 3162
1791 3163
1606 3164
247 3165
3220 3166
270 3167
1814 3168
240 3169
1889 3170
2460 3171
3308 3172
2977 3173
1871 3174
265 3175
4316 3176
150 3177
3024 3178
4059 3179
2941 3180
272 3181
1879 3182
4144 3183
3721 3184
2743 3185
4500 3186
1091 3187
2505 3188
1025 3189
2261 3190
3236 3191
3938 3192
2691 3193
2820 3194
2301 3195
2578 3196
3911 3197
3873 3198
4496 3199
3800 3200
2568 3201
3284 3202
3844 3203
4426 3204
3120 3205
3389 3206
2472 3207
2741 3208
2458 3209
3373 3210
2906 3211
3601 3212
335 3213
3094 3214
2758 3215
2387 3216
1664 3217
790 3218
1925 3219
1731 3220
1777 3221
4468 3222
4098 3223
2956 3224
2717 3225
3146 3226
330 3227
2942 3228
775 3229
3576 3230
4412 3231
140 3232
3918 3233
3136 3234
332 3235
2260 3236
3388 3237
2433 3238
2789 3239
2929 3240
2208 3241
2966 3242
1746 3243
2471 3244
3335 3245
2244 3246
1687 3247
3547 3248
334 3249
3359 3250
1371 3251
3923 3252
1675 3253
1833 3254
2849 3255
1665 3256
1338 3257
1887 3258
1410 3259
2512 3260
2391 3261
2718 3262
2312 3263
3181 3264
3365 3265
3459 3266
3946 3267
256 3268
3847 3269
98 3270
3252 3271
3455 3272
3758 3273
3445 3274
3562 3275
3919 3276
3719 3277
3366 3278
3411 3279
276 3280
1622 3281
3561 3282
3296 3283
1774 3284
2050 3285
3493 3286
2469 3287
2064 3288
4250 3289
3201 3290
3487 3291
3454 3292
2943 3293
3004 3294
2412 3295
3278 3296
4028 3297
1614 3298
1963 3299
249 3300
1201 3301
4464 3302
2296 3303
4142 3304
2866 3305
3367 3306
1835 3307
3457 3308
2110 3309
3947 3310
2626 3311
1831 3312
1008 3313
1685 3314
325 3315
1686 3316
382 3317
277 3318
2232 3319
4182 3320
698 3321
1860 3322
263 3323
2781 3324
3995 3325
601 3326
4409 3327
1534 3328
2089 3329
2338 3330
3321 3331
2105 3332
238 3333
2085 3334
2889 3335
3087 3336
1039 3337
2390 3338
285 3339
262 3340
260 3341
1873 3342
244 3343
859 3344
3103 3345
2248 3346
1328 3347
1894 3348
3310 3349
1895 3350
4384 3351
3452 3352
4437 3353
1798 3354
1805 3355
2713 3356
1877 3357
3205 3358
3544 3359
1819 3360
2749 3361
4219 3362
4221 3363
3143 3364
2012 3365
3784 3366
421 3367
2127 3368
3613 3369
2581 3370
257 3371
248 3372
3015 3373
2000 3374
3044 3375
2441 3376
4265 3377
4321 3378
1475 3379
29 3380
5 3381
1480 3382
3467 3383
3096 3384
2020 3385
344 3386
2034 3387
811 3388
8 3389
2324 3390
1794 3391
649 3392
2673 3393
1769 3394
687 3395
2457 3396
2445 3397
1243 3398
79 3399
1765 3400
1170 3401
1446 3402
2667 3403
2819 3404
1190 3405
2406 3406
634 3407
10 3408
1662 3409
4348 3410
2118 3411
2583 3412
1358 3413
2502 3414
2120 3415
2511 3416
2079 3417
1652 3418
2753 3419
291 3420
2633 3421
959 3422
3083 3423
3075 3424
3030 3425
509 3426
2145 3427
3216 3428
1739 3429
2137 3430
492 3431
740 3432
1931 3433
1095 3434
3385 3435
2640 3436
1059 3437
2202 3438
223 3439
1492 3440
1693 3441
910 3442
2182 3443
874 3444
1411 3445
658 3446
2323 3447
346 3448
375 3449
1282 3450
3825 3451
444 3452
1812 3453
913 3454
768 3455
2083 3456
2475 3457
1269 3458
1593 3459
2222 3460
1499 3461
526 3462
2645 3463
1690 3464
1284 3465
2635 3466
442 3467
2663 3468
1863 3469
1713 3470
1525 3471
1335 3472
1639 3473
1657 3474
1792 3475
2456 3476
2463 3477
1850 3478
2655 3479
1380 3480
1598 3481
2274 3482
2281 3483
2320 3484
227 3485
705 3486
954 3487
71 3488
342 3489
1923 3490
1616 3491
1809 3492
2014 3493
2400 3494
2565 3495
1219 3496
644 3497
566 3498
1310 3499
2256 3500
2678 3501
556 3502
1026 3503
392 3504
35 3505
1556 3506
1828 3507
405 3508
494 3509
1094 3510
1605 3511
2317 3512
495 3513
872 3514
1082 3515
2386 3516
304 3517
2217 3518
2451 3519
58 3520
2711 3521
1864 3522
1148 3523
292 3524
2555 3525
2644 3526
1946 3527
320 3528
1824 3529
1936 3530
1653 3531
2704 3532
200 3533
2237 3534
2427 3535
273 3536
2552 3537
737 3538
1823 3539
397 3540
2754 3541
1464 3542
423 3543
738 3544
1827 3545
2006 3546
766 3547
2250 3548
2771 3549
419 3550
1036 3551
1099 3552
1767 3553
2750 3554
1060 3555
2679 3556
99 3557
2724 3558
370 3559
815 3560
1643 3561
1966 3562
1124 3563
2205 3564
2121 3565
2810 3566
2883 3567
2002 3568
2899 3569
2326 3570
2622 3571
1061 3572
1365 3573
3124 3574
3171 3575
917 3576
3162 3577
3190 3578
1588 3579
690 3580
3029 3581
367 3582
2592 3583
2442 3584
1564 3585
3295 3586
1262 3587
2536 3588
3294 3589
3102 3590
3277 3591
1867 3592
845 3593
3409 3594
3304 3595
3453 3596
1202 3597
1826 3598
2107 3599
1228 3600
3490 3601
3431 3602
3532 3603
3522 3604
1696 3605
3141 3606
904 3607
3583 3608
3598 3609
2521 3610
2596 3611
3866 3612
2952 3613
3914 3614
2725 3615
3931 3616
1645 3617
4061 3618
4125 3619
4081 3620
4164 3621
3264 3622
4186 3623
4195 3624
4210 3625
2912 3626
4214 3627
4206 3628
371 3629
4091 3630
4351 3631
4377 3632
680 3633
2192 3634
2035 3635
254 3636
3466 3637
3273 3638
9 3639
255 3640
278 3641
2632 3642
2148 3643
4005 3644
2060 3645
2071 3646
11 3647
1763 3648
2384 3649
1419 3650
2019 3651
1972 3652
4060 3653
1486 3654
4027 3655
1034 3656
2138 3657
2185 3658
1865 3659
2613 3660
838 3661
3132 3662
2974 3663
2827 3664
2476 3665
2477 3666
795 3667
123 3668
12 3669
3068 3670
124 3671
112 3672
13 3673
1251 3674
2947 3675
119 3676
3318 3677
2935 3678
2116 3679
3460 3680
3730 3681
3838 3682
3882 3683
3577 3684
3948 3685
4067 3686
3994 3687
2674 3688
3973 3689
2149 3690
1830 3691
4421 3692
125 3693
1372 3694
2464 3695
1617 3696
1568 3697
1623 3698
2031 3699
236 3700
1326 3701
651 3702
3212 3703
1501 3704
3133 3705
1945 3706
3567 3707
1736 3708
3853 3709
4171 3710
14 3711
15 3712
4018 3713
2944 3714
16 3715
2876 3716
116 3717
1056 3718
2444 3719
2541 3720
2933 3721
2618 3722
19 3723
101 3724
107 3725
1500 3726
2289 3727
1255 3728
1575 3729
17 3730
1212 3731
748 3732
121 3733
105 3734
3857 3735
103 3736
2177 3737
2335 3738
1543 3739
1485 3740
4159 3741
102 3742
3246 3743
3579 3744
2305 3745
1437 3746
4180 3747
2365 3748
628 3749
3515 3750
2366 3751
2937 3752
2243 3753
2241 3754
850 3755
2982 3756
3356 3757
2831 3758
3582 3759
2549 3760
3035 3761
3196 3762
2885 3763
3192 3764
892 3765
190 3766
897 3767
3109 3768
2517 3769
3106 3770
900 3771
3597 3772
931 3773
1934 3774
3144 3775
2486 3776
308 3777
906 3778
3772 3779
1218 3780
3548 3781
26 3782
122 3783
109 3784
1926 3785
3270 3786
258 3787
3575 3788
1430 3789
1422 3790
1815 3791
1810 3792
4123 3793
3213 3794
2055 3795
2410 3796
1479 3797
2039 3798
2225 3799
1785 3800
2054 3801
2598 3802
2027 3803
2029 3804
23 3805
4229 3806
2106 3807
2104 3808
27 3809
4161 3810
106 3811
3603 3812
2579 3813
633 3814
619 3815
1586 3816
676 3817
2946 3818
1577 3819
2350 3820
1579 3821
108 3822
1594 3823
1466 3824
28 3825
627 3826
2344 3827
2706 3828
2267 3829
773 3830
1523 3831
782 3832
2154 3833
83 3834
2156 3835
118 3836
1592 3837
1299 3838
1602 3839
1699 3840
1704 3841
590 3842
844 3843
51 3844
1852 3845
3020 3846
43 3847
2415 3848
581 3849
3001 3850
2282 3851
2490 3852
1725 3853
30 3854
2010 3855
550 3856
2231 3857
1848 3858
1997 3859
2884 3860
2727 3861
3928 3862
48 3863
52 3864
2361 3865
1029 3866
2084 3867
3656 3868
4068 3869
1174 3870
4053 3871
69 3872
2985 3873
588 3874
4442 3875
60 3876
1708 3877
4432 3878
3286 3879
3765 3880
3305 3881
2934 3882
4211 3883
434 3884
4261 3885
3996 3886
4222 3887
4312 3888
4266 3889
4319 3890
4289 3891
4363 3892
3492 3893
2119 3894
4367 3895
4204 3896
3912 3897
38 3898
3351 3899
3486 3900
3482 3901
1343 3902
159 3903
2307 3904
3699 3905
4236 3906
1286 3907
2290 3908
2265 3909
205 3910
153 3911
2327 3912
756 3913
1618 3914
2161 3915
721 3916
736 3917
1452 3918
1982 3919
774 3920
3228 3921
2738 3922
145 3923
1233 3924
2825 3925
3578 3926
3863 3927
2564 3928
1896 3929
1742 3930
4063 3931
4072 3932
4106 3933
4216 3934
4215 3935
4175 3936
4245 3937
4370 3938
4298 3939
4410 3940
4461 3941
4082 3942
2492 3943
578 3944
42 3945
583 3946
1715 3947
577 3948
1694 3949
1098 3950
204 3951
1854 3952
1695 3953
2277 3954
68 3955
3302 3956
3268 3957
2547 3958
3169 3959
2266 3960
2571 3961
66 3962
39 3963
4404 3964
2931 3965
2270 3966
4322 3967
2851 3968
1951 3969
64 3970
2986 3971
2918 3972
3395 3973
3393 3974
3184 3975
2096 3976
3186 3977
585 3978
1978 3979
2309 3980
1706 3981
2544 3982
2395 3983
532 3984
1858 3985
1679 3986
3725 3987
1287 3988
88 3989
3757 3990
2334 3991
993 3992
579 3993
3677 3994
3360 3995
2358 3996
2453 3997
135 3998
1697 3999
1703 4000
2482 4001
65 4002
36 4003
1698 4004
2890 4005
2995 4006
2648 4007
2434 4008
2262 4009
2863 4010
3060 4011
1724 4012
2538 4013
2845 4014
2888 4015
2374 4016
2656 4017
2625 4018
2629 4019
3089 4020
2630 4021
2359 4022
63 4023
1971 4024
3324 4025
3298 4026
3464 4027
839 4028
50 4029
3599 4030
3618 4031
45 4032
3638 4033
3361 4034
3964 4035
4050 4036
3983 4037
4046 4038
3081 4039
2368 4040
846 4041
2567 4042
2491 4043
890 4044
2797 4045
62 4046
2983 4047
548 4048
2981 4049
2719 4050
2988 4051
3774 4052
1943 4053
3401 4054
2003 4055
1953 4056
3090 4057
3128 4058
2413 4059
3405 4060
3569 4061
2550 4062
2987 4063
2314 4064
2251 4065
2506 4066
2689 4067
2916 4068
2867 4069
2238 4070
3055 4071
562 4072
3956 4073
3963 4074
3187 4075
3574 4076
3962 4077
3751 4078
3378 4079
4019 4080
210 4081
2990 4082
3165 4083
580 4084
2924 4085
2817 4086
3095 4087
2459 4088
3379 4089
3474 4090
2264 4091
2435 4092
3413 4093
582 4094
3541 4095
3966 4096
1700 4097
3170 4098
545 4099
2687 4100
4124 4101
3326 4102
56 4103
4156 4104
2636 4105
220 4106
1741 4107
3100 4108
2516 4109
3899 4110
1949 4111
3375 4112
4325 4113
4299 4114
4472 4115
4239 4116
4380 4117
3742 4118
1977 4119
3061 4120
4494 4121
565 4122
2804 4123
4120 4124
2973 4125
3528 4126
3223 4127
1985 4128
198 4129
2900 4130
2279 4131
1723 4132
1789 4133
2416 4134
2760 4135
2653 4136
1727 4137
490 4138
415 4139
46 4140
574 4141
816 4142
53 4143
2991 4144
2815 4145
213 4146
1688 4147
3221 4148
4314 4149
1285 4150
1037 4151
2733 4152
2531 4153
2980 4154
2802 4155
1918 4156
2144 4157
3377 4158
3589 4159
1210 4160
3032 4161
520 4162
2560 4163
300 4164
3178 4165
1893 4166
1795 4167
1247 4168
452 4169
2577 4170
4352 4171
2255 4172
303 4173
1232 4174
1650 4175
2794 4176
302 4177
1096 4178
2808 4179
1093 4180
3274 4181
299 4182
875 4183
2090 4184
1089 4185
1003 4186
1242 4187
1376 4188
3043 4189
1957 4190
2294 4191
1102 4192
3975 4193
1097 4194
4346 4195
809 4196
629 4197
1363 4198
3823 4199
1024 4200
3821 4201
323 4202
4480 4203
2745 4204
1144 4205
3850 4206
380 4207
2077 4208
2529 4209
3028 4210
286 4211
412 4212
3511 4213
2710 4214
100 4215
1880 4216
1520 4217
219 4218
2737 4219
2175 4220
1607 4221
4398 4222
4453 4223
4445 4224
126 4225
1254 4226
2530 4227
229 4228
718 4229
898 4230
191 4231
2614 4232
2092 4233
2040 4234
115 4235
789 4236
34 4237
1632 4238
120 4239
807 4240
1369 4241
2098 4242
2970 4243
2230 4244
2765 4245
4016 4246
2971 4247
3307 4248
301 4249
4290 4250
1950 4251
4463 4252
1740 4253
212 4254
587 4255
72 4256
70 4257
132 4258
551 4259
2589 4260
2474 4261
3072 4262
3950 4263
4422 4264
3516 4265
3670 4266
4333 4267
130 4268
3818 4269
534 4270
3309 4271
3489 4272
67 4273
2216 4274
2099 4275
4021 4276
3553 4277
1344 4278
3006 4279
1748 4280
1711 4281
1942 4282
2375 4283
3555 4284
3807 4285
2701 4286
541 4287
61 4288
2291 4289
47 4290
540 4291
3926 4292
572 4293
1995 4294
1705 4295
3468 4296
152 4297
1990 4298
2160 4299
218 4300
1691 4301
571 4302
3469 4303
2303 4304
3033 4305
2346 4306
3915 4307
570 4308
2923 4309
3131 4310
214 4311
1714 4312
561 4313
4099 4314
2426 4315
1709 4316
1707 4317
2507 4318
1838 4319
2676 4320
2665 4321
1989 4322
2681 4323
1482 4324
3322 4325
267 4326
1302 4327
3435 4328
567 4329
2671 4330
2051 4331
2915 4332
3248 4333
4293 4334
802 4335
4456 4336
3222 4337
1379 4338
2969 4339
2976 4340
1961 4341
422 4342
2841 4343
3605 4344
2979 4345
3880 4346
4478 4347
4362 4348
1843 4349
1840 4350
202 4351
1406 4352
4390 4353
2187 4354
3045 4355
2247 4356
1105 4357
2699 4358
127 4359
2431 4360
2504 4361
2336 4362
2826 4363
3768 4364
1496 4365
206 4366
1565 4367
2938 4368
2520 4369
4349 4370
2068 4371
433 4372
4048 4373
2176 4374
3315 4375
1084 4376
3005 4377
2965 4378
2843 4379
3197 4380
3123 4381
914 4382
3652 4383
3557 4384
3463 4385
3198 4386
137 4387
4139 4388
4131 4389
4403 4390
4116 4391
2898 4392
3709 4393
3151 4394
3341 4395
2607 4396
2213 4397
3552 4398
3644 4399
2792 4400
2509 4401
2480 4402
2582 4403
3884 4404
4155 4405
788 4406
576 4407
3883 4408
4090 4409
3494 4410
2313 4411
4194 4412
2292 4413
1484 4414
3653 4415
3942 4416
2805 4417
3566 4418
4324 4419
719 4420
3429 4421
3349 4422
2078 4423
2548 4424
3112 4425
3022 4426
3414 4427
3279 4428
3503 4429
2131 4430
3549 4431
3671 4432
3523 4433
3215 4434
1666 4435
3442 4436
3729 4437
3933 4438
3199 4439
4241 4440
4416 4441
4320 4442
4356 4443
4481 4444
4332 4445
4491 4446
4499 4447
1773 4448
1274 4449
4146 4450
3249 4451
2869 4452
1682 4453
4334 4454
4387 4455
755 4456
3806 4457
217 4458
211 4459
2223 4460
2300 4461
1750 4462
4127 4463
2304 4464
2470 4465
2311 4466
3537 4467
3706 4468
4366 4469
2371 4470
3172 4471
1988 4472
1178 4473
2414 4474
3057 4475
2836 4476
2716 4477
2852 4478
73 4479
3285 4480
889 4481
2124 4482
3527 4483
4128 4484
1905 4485
74 4486
3901 4487
75 4488
2488 4489
2726 4490
142 4491
2525 4492
2878 4493
2897 4494
3628 4495
3660 4496
3815 4497
1735 4498
3694 4499
2834 4500
1866 4501
2597 4502
4083 4503
3723 4504
1676 4505
2113 4506
1674 4507
2747 4508
2734 4509
2996 4510
3251 4511
2048 4512
3224 4513
95 4514
4263 4515
4108 4516
1906 4517
1907 4518
307 4519
1634 4520
3934 4521
1722 4522
1330 4523
1983 4524
1846 4525
1984 4526
331 4527
329 4528
1891 4529
2045 4530
2059 4531
84 4532
1294 4533
1677 4534
1993 4535
81 4536
1745 4537
1981 4538
1787 4539
3280 4540
3404 4541
1345 4542
2902 4543
1775 4544
3300 4545
3887 4546
133 4547
1313 4548
309 4549
3158 4550
2087 4551
1090 4552
3920 4553
2191 4554
2210 4555
1078 4556
2398 4557
3416 4558
3506 4559
1673 4560
1672 4561
1362 4562
3175 4563
3362 4564
4022 4565
2602 4566
4268 4567
666 4568
2065 4569
611 4570
144 4571
605 4572
3754 4573
1459 4574
3794 4575
3289 4576
3161 4577
2424 4578
3009 4579
4336 4580
4173 4581
2821 4582
2086 4583
2015 4584
2763 4585
543 4586
2377 4587
2850 4588
2651 4589
2215 4590
3200 4591
1730 4592
155 4593
2677 4594
2288 4595
2026 4596
2112 4597
3352 4598
2468 4599
2057 4600
154 4601
138 4602
1620 4603
1033 4604
1238 4605
1908 4606
196 4607
3301 4608
3673 4609
849 4610
2443 4611
3588 4612
4114 4613
4457 4614
4003 4615
1900 4616
2188 4617
80 4618
2523 4619
275 4620
239 4621
1883 4622
288 4623
2239 4624
2249 4625
542 4626
2094 4627
156 4628
2968 4629
3012 4630
3062 4631
2744 4632
3426 4633
4208 4634
3376 4635
1641 4636
2123 4637
2772 4638
1892 4639
2755 4640
3118 4641
3003 4642
1512 4643
3514 4644
3697 4645
3698 4646
3712 4647
2418 4648
3990 4649
3290 4650
3893 4651
2242 4652
4246 4653
3808 4654
4365 4655
544 4656
4133 4657
2269 4658
1367 4659
2157 4660
1354 4661
3592 4662
1640 4663
1104 4664
4077 4665
4089 4666
4466 4667
3614 4668
4493 4669
2705 4670
3681 4671
1031 4672
2830 4673
296 4674
4097 4675
2397 4676
3524 4677
3283 4678
2824 4679
1670 4680
146 4681
907 4682
2245 4683
2485 4684
3064 4685
3262 4686
3867 4687
3174 4688
944 4689
2206 4690
1790 4691
4304 4692
1832 4693
2498 4694
312 4695
3316 4696
87 4697
4389 4698
96 4699
488 4700
804 4701
990 4702
203 4703
2800 4704
805 4705
999 4706
3665 4707
3976 4708
3902 4709
4224 4710
787 4711
3462 4712
2285 4713
1249 4714
1322 4715
1258 4716
3203 4717
4235 4718
2174 4719
2449 4720
4145 4721
1298 4722
4329 4723
2788 4724
4447 4725
3759 4726
3834 4727
3565 4728
3580 4729
922 4730
2211 4731
4452 4732
2917 4733
4286 4734
1922 4735
1800 4736
2257 4737
2381 4738
1888 4739
1921 4740
2421 4741
842 4742
1764 4743
97 4744
225 4745
2102 4746
201 4747
1333 4748
1312 4749
2016 4750
3604 4751
4471 4752
4434 4753
2360 4754
400 4755
1881 4756
1875 4757
269 4758
114 4759
2886 4760
250 4761
128 4762
3026 4763
394 4764
2155 4765
3606 4766
1316 4767
3495 4768
3129 4769
1897 4770
3071 4771
129 4772
3622 4773
691 4774
4393 4775
3753 4776
1890 4777
4429 4778
2893 4779
3400 4780
4475 4781
515 4782
3255 4783
2798 4784
3661 4785
1899 4786
4505 4787
877 4788
3888 4789
1759 4790
1083 4791
353 4792
4369 4793
4397 4794
4335 4795
3299 4796
182 4797
136 4798
1465 4799
1443 4800
709 4801
4058 4802
4281 4803
1271 4804
902 4805
3208 4806
2306 4807
2115 4808
3306 4809
3424 4810
1669 4811
3767 4812
2919 4813
3986 4814
306 4815
2159 4816
2978 4817
4244 4818
1671 4819
546 4820
195 4821
3402 4822
4408 4823
2601 4824
1968 4825
1733 4826
2058 4827
1734 4828
1940 4829
3611 4830
2932 4831
1193 4832
4045 4833
3239 4834
1797 4835
4358 4836
4093 4837
2809 4838
1760 4839
268 4840
3257 4841
3959 4842
3202 4843
4285 4844
4392 4845
245 4846
1811 4847
4315 4848
4284 4849
4283 4850
287 4851
243 4852
4477 4853
271 4854
2905 4855
4030 4856
297 4857
266 4858
279 4859
2394 4860
284 4861
3456 4862
4143 4863
2484 4864
2228 4865
3240 4866
3383 4867
2321 4868
1799 4869
4318 4870
3238 4871
3961 4872
823 4873
3987 4874
2233 4875
783 4876
598 4877
1357 4878
863 4879
3958 4880
3477 4881
3479 4882
1261 4883
3616 4884
2295 4885
2959 4886
940 4887
2199 4888
274 4889
1361 4890
151 4891
848 4892
3895 4893
2840 4894
1948 4895
4303 4896
3615 4897
1999 4898
772 4899
2151 4900
4339 4901
2835 4902
2172 4903
3229 4904
3230 4905
2939 4906
2353 4907
2212 4908
169 4909
2604 4910
2411 4911
3185 4912
813 4913
3337 4914
3728 4915
3761 4916
3829 4917
707 4918
723 4919
665 4920
1919 4921
2021 4922
194 4923
881 4924
4253 4925
4088 4926
2190 4927
2037 4928
4470 4929
724 4930
730 4931
2634 4932
2220 4933
777 4934
2385 4935
3412 4936
2032 4937
3889 4938
2348 4939
4193 4940
1268 4941
2430 4942
2076 4943
2697 4944
1836 4945
2853 4946
3074 4947
3713 4948
3744 4949
170 4950
702 4951
3529 4952
3674 4953
4238 4954
3845 4955
4199 4956
4504 4957
3591 4958
2803 4959
1637 4960
2855 4961
1359 4962
1383 4963
1293 4964
172 4965
1054 4966
1529 4967
2499 4968
2134 4969
4012 4970
3985 4971
3183 4972
3450 4973
745 4974
2101 4975
4225 4976
4101 4977
4096 4978
2616 4979
4122 4980
4183 4981
4446 4982
3813 4983
3188 4984
3988 4985
2171 4986
2423 4987
2615 4988
1801 4989
3478 4990
3107 4991
3063 4992
4102 4993
4140 4994
4479 4995
1591 4996
1560 4997
2214 4998
851 4999
2200 5000
3525 5001
3795 5002
3314 5003
4075 5004
4344 5005
4424 5006
2672 5007
3805 5008
3874 5009
2362 5010
3363 5011
3804 5012
3231 5013
1390 5014
2095 5015
1004 5016
3256 5017
2575 5018
1506 5019
2082 5020
855 5021
3724 5022
3737 5023
2450 5024
2621 5025
1834 5026
2785 5027
3127 5028
2527 5029
2638 5030
2378 5031
3779 5032
3417 5033
3328 5034
3441 5035
215 5036
1334 5037
1563 5038
3344 5039
3526 5040
3345 5041
2680 5042
3686 5043
2004 5044
3668 5045
3153 5046
3041 5047
3669 5048
3739 5049
3048 5050
1074 5051
209 5052
3945 5053
3654 5054
3693 5055
3839 5056
4074 5057
2478 5058
1615 5059
2649 5060
2770 5061
2807 5062
2593 5063
1015 5064
2259 5065
3643 5066
1540 5067
2066 5068
1849 5069
3916 5070
4337 5071
1336 5072
1855 5073
2703 5074
2647 5075
2762 5076
681 5077
744 5078
1996 5079
234 5080
328 5081
333 5082
261 5083
3736 5084
3837 5085
4085 5086
3054 5087
2557 5088
4112 5089
4086 5090
4501 5091
1970 5092
2721 5093
3612 5094
1477 5095
3716 5096
1788 5097
4420 5098
4205 5099
4190 5100
3049 5101
2047 5102
2103 5103
2170 5104
2340 5105
3210 5106
4105 5107
3809 5108
1460 5109
1862 5110
1796 5111
4011 5112
3695 5113
3177 5114
3323 5115
4078 5116
4189 5117
893 5118
1766 5119
1538 5120
4207 5121
352 5122
1101 5123
1965 5124
3002 5125
3387 5126
1684 5127
3483 5128
3978 5129
2234 5130
2229 5131
327 5132
2599 5133
3244 5134
3380 5135
2650 5136
3870 5137
2111 5138
4249 5139
2662 5140
2685 5141
2895 5142
1601 5143
3104 5144
345 5145
739 5146
1613 5147
3142 5148
867 5149
2712 5150
1065 5151
3320 5152
3340 5153
3392 5154
3422 5155
3439 5156
3707 5157
3798 5158
3488 5159
3831 5160
3955 5161
1955 5162
3909 5163
3773 5164
3408 5165
4172 5166
4331 5167
4433 5168
4438 5169
2522 5170
2829 5171
1521 5172
2639 5173
1472 5174
1474 5175
2331 5176
3570 5177
1937 5178
2526 5179
2271 5180
2122 5181
2896 5182
1938 5183
3167 5184
3010 5185
3797 5186
2729 5187
2595 5188
2739 5189
2580 5190
3711 5191
3748 5192
4004 5193
2383 5194
3802 5195
3067 5196
3999 5197
4094 5198
4136 5199
2524 5200
3954 5201
4071 5202
2783 5203
1779 5204
4209 5205
4264 5206
4248 5207
2940 5208
4001 5209
2534 5210
2637 5211
2117 5212
2838 5213
3438 5214
2452 5215
1778 5216
3891 5217
4427 5218
657 5219
3639 5220
2044 5221
3520 5222
3034 5223
2752 5224
3717 5225
2994 5226
3590 5227
3535 5228
2497 5229
3394 5230
919 5231
2042 5232
4132 5233
3849 5234
1928 5235
3894 5236
1561 5237
2272 5238
1817 5239
2816 5240
2848 5241
569 5242
2756 5243
878 5244
3406 5245
3504 5246
3572 5247
3027 5248
3982 5249
1129 5250
4423 5251
4311 5252
2559 5253
3879 5254
4218 5255
4141 5256
3093 5257
3793 5258
2790 5259
3855 5260
4287 5261
4455 5262
2165 5263
3117 5264
3727 5265
3886 5266
3140 5267
2561 5268
2617 5269
560 5270
563 5271
1747 5272
2545 5273
2018 5274
767 5275
2700 5276
3814 5277
3485 5278
3924 5279
3631 5280
1246 5281
3833 5282
2483 5283
3766 5284
4185 5285
4118 5286
3059 5287
2775 5288
3148 5289
3065 5290
3627 5291
3689 5292
3780 5293
3672 5294
2992 5295
3484 5296
2846 5297
3977 5298
2844 5299
3885 5300
2576 5301
4033 5302
4269 5303
2945 5304
4308 5305
3145 5306
4371 5307
4391 5308
4343 5309
4305 5310
3538 5311
4341 5312
4379 5313
4291 5314
4473 5315
4223 5316
4502 5317
4484 5318
3683 5319
4202 5320
3786 5321
3607 5322
4413 5323
4115 5324
3419 5325
3908 5326
3851 5327
3979 5328
3980 5329
4170 5330
4103 5331
3848 5332
3078 5333
4237 5334
3331 5335
3105 5336
3655 5337
2873 5338
3827 5339
3991 5340
3358 5341
2610 5342
3690 5343
3840 5344
4043 5345
3194 5346
2698 5347
3269 5348
3390 5349
3491 5350
3443 5351
3782 5352
3735 5353
3755 5354
3971 5355
3974 5356
3984 5357
4031 5358
4042 5359
4178 5360
4107 5361
4181 5362
4130 5363
4302 5364
4307 5365
4361 5366
2870 5367
3135 5368
3237 5369
3025 5370
3350 5371
3871 5372
4292 5373
4350 5374
4226 5375
2767 5376
3556 5377
3787 5378
3932 5379
4198 5380
2796 5381
2901 5382
2984 5383
3122 5384
3253 5385
3372 5386
3446 5387
3600 5388
3571 5389
3858 5390
3260 5391
3338 5392
3530 5393
3559 5394
3602 5395
3705 5396
3868 5397
4017 5398
4065 5399
4167 5400
4240 5401
4301 5402
4355 5403
3929 5404
4079 5405
4247 5406
3512 5407
3465 5408
4368 5409
2936 5410
1719 5411
4109 5412
3684 5413
3336 5414
1678 5415
3989 5416
185 5417
480 5418
2072 5419
1373 5420
246 5421
2695 5422
1802 5423
3981 5424
1962 5425
4294 5426
887 5427
55 5428
2773 5429
131 5430
2948 5431
319 5432
435 5433
2828 5434
3038 5435
4084 5436
4062 5437
4354 5438
2928 5439
4428 5440
1939 5441
2542 5442
3685 5443
4069 5444
3892 5445
2920 5446
3470 5447
2178 5448
4057 5449
4497 5450
3250 5451
933 5452
3688 5453
2403 5454
305 5455
3447 5456
1804 5457
3803 5458
4104 5459
1813 5460
3319 5461
2605 5462
2273 5463
3113 5464
176 5465
537 5466
732 5467
2164 5468
4485 5469
1683 5470
3211 5471
4149 5472
4373 5473
3332 5474
652 5475
3876 5476
281 5477
3799 5478
3292 5479
3734 5480
3913 5481
2074 5482
340 5483
2961 5484
3835 5485
4357 5486
4425 5487
4277 5488
2052 5489
3740 5490
2822 5491
497 5492
4052 5493
531 5494
791 5495
4258 5496
4378 5497
4242 5498
4418 5499
2669 5500
4326 5501
4431 5502
2793 5503
4490 5504
4243 5505
4436 5506
4492 5507
