1622 1001
3103 1002
3501 1003
1546 1004
2052 1005
1191 1006
1319 1007
630 1008
3128 1009
2363 1010
3100 1011
291 1012
1046 1013
1301 1014
4062 1015
931 1016
4464 1017
4119 1018
1842 1019
4267 1020
2691 1021
2741 1022
1119 1023
1912 1024
130 1025
1698 1026
2081 1027
2890 1028
2829 1029
511 1030
258 1031
4109 1032
277 1033
2570 1034
2904 1035
2640 1036
458 1037
1807 1038
1623 1039
1473 1040
3247 1041
3736 1042
1614 1043
2286 1044
1118 1045
4325 1046
4086 1047
1636 1048
822 1049
2757 1050
4046 1051
911 1052
4492 1053
3059 1054
4282 1055
4168 1056
1975 1057
4400 1058
836 1059
799 1060
336 1061
2631 1062
2186 1063
1825 1064
1062 1065
2030 1066
1800 1067
3267 1068
2965 1069
3424 1070
3530 1071
3238 1072
3006 1073
2684 1074
966 1075
2204 1076
4422 1077
539 1078
1833 1079
3143 1080
3300 1081
1036 1082
2549 1083
2755 1084
663 1085
1552 1086
961 1087
647 1088
3749 1089
1380 1090
2234 1091
1005 1092
4141 1093
3849 1094
1664 1095
4145 1096
3053 1097
1146 1098
109 1099
190 1100
684 1101
1710 1102
4161 1103
1702 1104
2795 1105
518 1106
3566 1107
1261 1108
396 1109
1783 1110
2862 1111
3105 1112
3913 1113
2517 1114
2006 1115
3090 1116
3390 1117
1716 1118
3837 1119
2249 1120
371 1121
3084 1122
2224 1123
1972 1124
2371 1125
2512 1126
1391 1127
3971 1128
1894 1129
3039 1130
468 1131
3445 1132
2579 1133
3681 1134
825 1135
985 1136
3189 1137
1624 1138
4120 1139
1799 1140
2913 1141
605 1142
3041 1143
2098 1144
1338 1145
11 1146
1449 1147
4101 1148
2448 1149
4451 1150
989 1151
317 1152
4082 1153
4278 1154
4069 1155
1821 1156
3384 1157
639 1158
1832 1159
677 1160
252 1161
2714 1162
904 1163
1498 1164
1639 1165
812 1166
1648 1167
2383 1168
815 1169
2897 1170
2748 1171
280 1172
3554 1173
3646 1174
916 1175
4415 1176
2997 1177
1061 1178
1520 1179
2072 1180
4011 1181
3889 1182
1580 1183
1055 1184
4406 1185
2265 1186
4351 1187
281 1188
73 1189
4283 1190
3729 1191
1594 1192
1417 1193
1402 1194
405 1195
2316 1196
591 1197
261 1198
986 1199
1734 1200
4092 1201
1719 1202
4159 1203
84 1204
3539 1205
2586 1206
3820 1207
2444 1208
4123 1209
2510 1210
3626 1211
2049 1212
4070 1213
3649 1214
105 1215
865 1216
2257 1217
421 1218
4126 1219
3470 1220
58 1221
399 1222
1339 1223
1551 1224
3617 1225
787 1226
1884 1227
2295 1228
4144 1229
2956 1230
3960 1231
3795 1232
2432 1233
2546 1234
3442 1235
2518 1236
1376 1237
3028 1238
534 1239
161 1240
3603 1241
3131 1242
2995 1243
4202 1244
2940 1245
3786 1246
4330 1247
2336 1248
1565 1249
3608 1250
850 1251
3794 1252
2543 1253
127 1254
3138 1255
4064 1256
2220 1257
23 1258
2578 1259
2828 1260
2396 1261
302 1262
962 1263
463 1264
4339 1265
2918 1266
3790 1267
2978 1268
2150 1269
1405 1270
4189 1271
2725 1272
2314 1273
1196 1274
930 1275
698 1276
367 1277
2239 1278
4293 1279
1067 1280
1243 1281
2251 1282
3584 1283
4048 1284
2218 1285
4175 1286
1863 1287
4374 1288
2452 1289
2282 1290
3582 1291
1472 1292
1025 1293
3400 1294
3840 1295
184 1296
236 1297
1547 1298
3538 1299
4336 1300
1509 1301
1065 1302
959 1303
667 1304
1406 1305
1194 1306
445 1307
3740 1308
3604 1309
2708 1310
3995 1311
4137 1312
4084 1313
1744 1314
3957 1315
1935 1316
2332 1317
1135 1318
1920 1319
2560 1320
1434 1321
3077 1322
1886 1323
3045 1324
1490 1325
4239 1326
1162 1327
971 1328
541 1329
316 1330
1284 1331
3249 1332
1368 1333
1049 1334
2008 1335
3588 1336
3616 1337
3284 1338
131 1339
764 1340
3395 1341
2118 1342
4439 1343
228 1344
3992 1345
2502 1346
1271 1347
3640 1348
2788 1349
1275 1350
3329 1351
504 1352
3924 1353
3008 1354
4018 1355
1626 1356
140 1357
4355 1358
1101 1359
3674 1360
3912 1361
4490 1362
1091 1363
2281 1364
2042 1365
3314 1366
3222 1367
2563 1368
395 1369
2370 1370
896 1371
869 1372
3609 1373
3336 1374
2400 1375
4017 1376
4233 1377
2169 1378
2800 1379
857 1380
1291 1381
566 1382
7 1383
2780 1384
1299 1385
4040 1386
3401 1387
1988 1388
2542 1389
4418 1390
733 1391
3788 1392
173 1393
3962 1394
2198 1395
1845 1396
1900 1397
2341 1398
4405 1399
4497 1400
1853 1401
942 1402
3351 1403
2203 1404
39 1405
2886 1406
2839 1407
3656 1408
2504 1409
1700 1410
205 1411
595 1412
3862 1413
183 1414
1257 1415
4183 1416
3662 1417
515 1418
259 1419
3290 1420
2552 1421
855 1422
1952 1423
2532 1424
2067 1425
2275 1426
4287 1427
1735 1428
2632 1429
1937 1430
2930 1431
2389 1432
4494 1433
2024 1434
97 1435
3150 1436
1205 1437
231 1438
365 1439
2764 1440
1502 1441
4241 1442
3418 1443
2323 1444
1200 1445
2479 1446
2855 1447
3725 1448
4181 1449
2207 1450
4477 1451
3546 1452
1063 1453
3106 1454
2503 1455
884 1456
716 1457
4487 1458
3543 1459
3747 1460
2779 1461
476 1462
3928 1463
3759 1464
2031 1465
4369 1466
1440 1467
1171 1468
3553 1469
561 1470
4274 1471
2491 1472
2083 1473
3456 1474
4428 1475
968 1476
3102 1477
830 1478
178 1479
3414 1480
3673 1481
211 1482
3753 1483
3056 1484
315 1485
2628 1486
2511 1487
2739 1488
670 1489
2086 1490
4306 1491
3690 1492
3459 1493
2892 1494
3514 1495
862 1496
1817 1497
2498 1498
3817 1499
1294 1500
4098 1501
57 1502
2228 1503
1428 1504
4352 1505
3195 1506
2255 1507
1097 1508
3321 1509
2768 1510
472 1511
3734 1512
766 1513
936 1514
2968 1515
4488 1516
1666 1517
3813 1518
2240 1519
2156 1520
4452 1521
2490 1522
1375 1523
341 1524
51 1525
1263 1526
3867 1527
3505 1528
506 1529
345 1530
820 1531
2154 1532
4472 1533
2977 1534
2463 1535
1590 1536
3847 1537
1718 1538
921 1539
1730 1540
2110 1541
3717 1542
2644 1543
1166 1544
2568 1545
596 1546
816 1547
2900 1548
975 1549
4398 1550
2847 1551
926 1552
3679 1553
1850 1554
3877 1555
1178 1556
182 1557
908 1558
1720 1559
4143 1560
3968 1561
436 1562
2665 1563
1403 1564
3408 1565
3151 1566
3391 1567
3487 1568
3513 1569
2648 1570
4081 1571
1390 1572
177 1573
4429 1574
1855 1575
4178 1576
3276 1577
3393 1578
170 1579
1760 1580
1683 1581
3875 1582
833 1583
462 1584
4054 1585
610 1586
2147 1587
1121 1588
4275 1589
2315 1590
3645 1591
1722 1592
4489 1593
2337 1594
3816 1595
2939 1596
2454 1597
3899 1598
1758 1599
3808 1600
2331 1601
454 1602
3638 1603
3097 1604
4007 1605
446 1606
1591 1607
2524 1608
3313 1609
2727 1610
1334 1611
973 1612
99 1613
1613 1614
1074 1615
646 1616
2488 1617
2687 1618
169 1619
2102 1620
4213 1621
1803 1622
134 1623
3525 1624
3832 1625
1739 1626
1174 1627
4499 1628
715 1629
4180 1630
2423 1631
2175 1632
464 1633
1396 1634
3425 1635
4083 1636
4345 1637
3936 1638
3385 1639
3819 1640
2211 1641
1690 1642
2961 1643
3621 1644
2662 1645
3959 1646
2528 1647
26 1648
312 1649
1461 1650
423 1651
4496 1652
1837 1653
481 1654
1426 1655
253 1656
1090 1657
2330 1658
1326 1659
1997 1660
3858 1661
2231 1662
3586 1663
3186 1664
4075 1665
555 1666
1750 1667
4052 1668
1763 1669
563 1670
965 1671
3088 1672
1342 1673
1663 1674
1784 1675
978 1676
4333 1677
1919 1678
1188 1679
4203 1680
1435 1681
2804 1682
2990 1683
135 1684
1688 1685
3353 1686
2233 1687
2143 1688
2758 1689
1681 1690
3421 1691
403 1692
982 1693
2771 1694
1436 1695
3298 1696
47 1697
3810 1698
3976 1699
2335 1700
466 1701
4023 1702
2679 1703
4404 1704
1458 1705
4043 1706
2912 1707
2894 1708
3358 1709
4002 1710
980 1711
3493 1712
3938 1713
1112 1714
4270 1715
235 1716
1325 1717
3863 1718
708 1719
1728 1720
2001 1721
3320 1722
4012 1723
3446 1724
2823 1725
218 1726
3651 1727
427 1728
648 1729
212 1730
2920 1731
2307 1732
1754 1733
2872 1734
3996 1735
3157 1736
2036 1737
537 1738
2119 1739
1310 1740
188 1741
328 1742
2443 1743
3911 1744
249 1745
4061 1746
1818 1747
1298 1748
3531 1749
1151 1750
3394 1751
1773 1752
725 1753
2699 1754
3377 1755
2264 1756
2138 1757
4431 1758
4373 1759
1650 1760
3160 1761
1312 1762
919 1763
2061 1764
519 1765
3851 1766
2311 1767
1621 1768
2592 1769
4261 1770
1967 1771
3733 1772
3413 1773
4208 1774
3941 1775
3228 1776
3850 1777
1659 1778
2084 1779
1253 1780
2553 1781
3931 1782
1494 1783
3004 1784
3117 1785
1 1786
3631 1787
4266 1788
2866 1789
3622 1790
2762 1791
440 1792
3366 1793
3213 1794
3563 1795
3647 1796
3685 1797
4493 1798
819 1799
3758 1800
1779 1801
1907 1802
2656 1803
91 1804
2971 1805
2548 1806
706 1807
4348 1808
4193 1809
990 1810
1667 1811
1492 1812
141 1813
36 1814
3853 1815
837 1816
3085 1817
159 1818
382 1819
1247 1820
553 1821
3541 1822
4174 1823
1181 1824
4049 1825
882 1826
2992 1827
2658 1828
1871 1829
2199 1830
232 1831
1788 1832
4276 1833
3240 1834
4114 1835
3836 1836
3980 1837
2638 1838
3760 1839
2958 1840
3263 1841
4076 1842
2715 1843
1311 1844
2151 1845
2700 1846
467 1847
3388 1848
4229 1849
3468 1850
2667 1851
160 1852
3108 1853
455 1854
3596 1855
2252 1856
2867 1857
2402 1858
1201 1859
2580 1860
4184 1861
1726 1862
3994 1863
2242 1864
1323 1865
3210 1866
1584 1867
3746 1868
2871 1869
4408 1870
2967 1871
557 1872
40 1873
2326 1874
707 1875
1745 1876
2076 1877
1244 1878
2270 1879
1748 1880
4146 1881
334 1882
431 1883
666 1884
318 1885
1603 1886
3444 1887
983 1888
4334 1889
2179 1890
2112 1891
565 1892
3221 1893
2021 1894
692 1895
3893 1896
3480 1897
1340 1898
3194 1899
3894 1900
853 1901
796 1902
3823 1903
2465 1904
2366 1905
1468 1906
3475 1907
2165 1908
699 1909
669 1910
1283 1911
584 1912
1336 1913
3865 1914
3613 1915
2388 1916
3199 1917
1820 1918
86 1919
1163 1920
4370 1921
4030 1922
1274 1923
1953 1924
2868 1925
972 1926
387 1927
636 1928
3361 1929
3099 1930
577 1931
2167 1932
1885 1933
4107 1934
2917 1935
724 1936
2457 1937
2655 1938
4394 1939
2789 1940
2334 1941
1186 1942
179 1943
165 1944
765 1945
3364 1946
701 1947
726 1948
2064 1949
1127 1950
1769 1951
4392 1952
4324 1953
2747 1954
2374 1955
137 1956
3155 1957
3019 1958
30 1959
2385 1960
4139 1961
4453 1962
77 1963
3965 1964
3354 1965
1843 1966
414 1967
4376 1968
2584 1969
2583 1970
110 1971
3025 1972
1883 1973
220 1974
759 1975
2048 1976
688 1977
305 1978
456 1979
488 1980
2398 1981
1518 1982
383 1983
407 1984
2348 1985
2185 1986
198 1987
1123 1988
2694 1989
793 1990
2114 1991
266 1992
2837 1993
1840 1994
3834 1995
3683 1996
2601 1997
3705 1998
710 1999
3974 2000
3793 2001
2597 2002
2324 2003
147 2004
1759 2005
224 2006
513 2007
38 2008
1012 2009
1534 2010
166 2011
1370 2012
3485 2013
4402 2014
4194 2015
2227 2016
2604 2017
3376 2018
2258 2019
1193 2020
3573 2021
2987 2022
722 2023
4058 2024
1093 2025
175 2026
482 2027
1379 2028
3318 2029
3515 2030
1641 2031
3561 2032
775 2033
3156 2034
1098 2035
408 2036
217 2037
3599 2038
368 2039
4124 2040
2301 2041
848 2042
1897 2043
1668 2044
3579 2045
355 2046
3415 2047
546 2048
1514 2049
594 2050
3024 2051
2724 2052
1761 2053
2702 2054
187 2055
412 2056
2139 2057
2776 2058
2588 2059
3711 2060
3231 2061
1949 2062
332 2063
1466 2064
2111 2065
914 2066
3450 2067
4029 2068
620 2069
1637 2070
2705 2071
3368 2072
626 2073
4361 2074
3557 2075
67 2076
1410 2077
3765 2078
1456 2079
2581 2080
3292 2081
2032 2082
1106 2083
3177 2084
4479 2085
510 2086
2038 2087
4318 2088
1583 2089
1740 2090
2364 2091
2806 2092
4234 2093
526 2094
3703 2095
2327 2096
1382 2097
2798 2098
3970 2099
2522 2100
579 2101
4220 2102
3246 2103
2404 2104
65 2105
1715 2106
3134 2107
465 2108
3570 2109
151 2110
2025 2111
374 2112
3458 2113
1770 2114
2278 2115
354 2116
1057 2117
1951 2118
4148 2119
3714 2120
4461 2121
126 2122
1789 2123
3449 2124
2740 2125
527 2126
745 2127
2728 2128
1335 2129
3293 2130
2088 2131
624 2132
1032 2133
3934 2134
1589 2135
3688 2136
4246 2137
208 2138
600 2139
375 2140
1034 2141
1486 2142
3887 2143
3357 2144
2843 2145
1505 2146
1023 2147
3185 2148
276 2149
1465 2150
2815 2151
1425 2152
2730 2153
1353 2154
111 2155
1642 2156
1627 2157
85 2158
2663 2159
2280 2160
3883 2161
3686 2162
3628 2163
292 2164
3297 2165
1532 2166
3127 2167
3404 2168
1588 2169
3508 2170
50 2171
158 2172
2882 2173
1066 2174
3087 2175
2870 2176
3192 2177
4331 2178
2100 2179
2695 2180
743 2181
1144 2182
1713 2183
4485 2184
1213 2185
2079 2186
2534 2187
1051 2188
1254 2189
770 2190
1950 2191
2077 2192
1287 2193
898 2194
3999 2195
4455 2196
2476 2197
3009 2198
3569 2199
2791 2200
1572 2201
497 2202
172 2203
2550 2204
3467 2205
1756 2206
913 2207
3209 2208
4378 2209
1221 2210
1050 2211
3950 2212
3951 2213
1831 2214
2182 2215
559 2216
3040 2217
3547 2218
1495 2219
3502 2220
1273 2221
1540 2222
3035 2223
2027 2224
3716 2225
3030 2226
3534 2227
132 2228
573 2229
4335 2230
428 2231
3256 2232
180 2233
1768 2234
1183 2235
4379 2236
79 2237
3200 2238
3835 2239
2941 2240
1986 2241
1891 2242
3536 2243
1269 2244
4450 2245
3073 2246
89 2247
3270 2248
1218 2249
2472 2250
2226 2251
3827 2252
2288 2253
1169 2254
226 2255
2442 2256
4297 2257
3695 2258
3429 2259
2212 2260
108 2261
1927 2262
171 2263
598 2264
3140 2265
2176 2266
4268 2267
3137 2268
3511 2269
1216 2270
1766 2271
3121 2272
4176 2273
3287 2274
1332 2275
2116 2276
2367 2277
3955 2278
2782 2279
2299 2280
102 2281
230 2282
3306 2283
4068 2284
583 2285
4016 2286
3824 2287
4468 2288
3323 2289
2742 2290
746 2291
2998 2292
2973 2293
2589 2294
3517 2295
3855 2296
3707 2297
4116 2298
3981 2299
808 2300
844 2301
4421 2302
1483 2303
2945 2304
977 2305
4198 2306
1958 2307
691 2308
2171 2309
4470 2310
3923 2311
3344 2312
874 2313
2819 2314
3888 2315
1835 2316
3523 2317
2338 2318
4311 2319
4157 2320
1575 2321
3828 2322
3022 2323
711 2324
588 2325
2113 2326
4507 2327
3595 2328
2294 2329
1236 2330
1214 2331
3866 2332
3244 2333
2519 2334
638 2335
827 2336
739 2337
3972 2338
1010 2339
3447 2340
671 2341
343 2342
4296 2343
2950 2344
951 2345
3149 2346
1211 2347
2124 2348
3043 2349
1617 2350
1581 2351
3132 2352
3668 2353
2013 2354
3453 2355
3895 2356
1234 2357
1693 2358
2161 2359
1120 2360
448 2361
1113 2362
4238 2363
115 2364
3296 2365
720 2366
424 2367
2047 2368
1207 2369
3243 2370
3148 2371
4258 2372
2854 2373
1989 2374
641 2375
3242 2376
3650 2377
1383 2378
2082 2379
1052 2380
4221 2381
1671 2382
3667 2383
3796 2384
3365 2385
875 2386
3112 2387
1564 2388
1615 2389
3724 2390
4004 2391
3722 2392
769 2393
3692 2394
3076 2395
1459 2396
477 2397
3348 2398
3806 2399
2244 2400
2073 2401
434 2402
1131 2403
1249 2404
885 2405
3591 2406
2468 2407
3302 2408
3259 2409
2994 2410
1838 2411
1365 2412
1289 2413
3196 2414
2812 2415
1808 2416
1867 2417
1811 2418
4035 2419
593 2420
1824 2421
2827 2422
4151 2423
2395 2424
4103 2425
1618 2426
1559 2427
1611 2428
3984 2429
1357 2430
3349 2431
1527 2432
1910 2433
1156 2434
831 2435
1288 2436
1395 2437
1429 2438
1219 2439
1330 2440
3427 2441
3371 2442
532 2443
3478 2444
419 2445
1862 2446
752 2447
2040 2448
1778 2449
3949 2450
3268 2451
748 2452
651 2453
2123 2454
1706 2455
1304 2456
2576 2457
2318 2458
3846 2459
3312 2460
611 2461
3983 2462
1612 2463
4185 2464
2132 2465
2953 2466
1944 2467
244 2468
4480 2469
823 2470
3684 2471
1393 2472
3216 2473
1813 2474
3175 2475
3082 2476
2711 2477
2028 2478
2492 2479
4389 2480
1111 2481
3524 2482
3433 2483
991 2484
1280 2485
227 2486
1526 2487
2160 2488
2737 2489
1307 2490
4042 2491
3373 2492
1616 2493
2556 2494
4386 2495
3046 2496
3869 2497
955 2498
34 2499
2144 2500
3926 2501
1493 2502
1543 2503
2384 2504
2536 2505
3436 2506
3953 2507
634 2508
2101 2509
2438 2510
3171 2511
1826 2512
2450 2513
4393 2514
3301 2515
325 2516
404 2517
1936 2518
2362 2519
450 2520
3211 2521
4005 2522
1521 2523
4279 2524
1286 2525
2309 2526
2610 2527
3682 2528
1109 2529
3266 2530
2674 2531
665 2532
3841 2533
2011 2534
2417 2535
3339 2536
1553 2537
4457 2538
2254 2539
944 2540
255 2541
728 2542
1259 2543
3119 2544
2506 2545
2059 2546
1633 2547
564 2548
1145 2549
992 2550
1316 2551
76 2552
2080 2553
571 2554
881 2555
3410 2556
1226 2557
95 2558
3944 2559
3110 2560
3341 2561
2157 2562
2142 2563
1992 2564
1356 2565
4192 2566
1834 2567
2612 2568
870 2569
3529 2570
2572 2571
3319 2572
2424 2573
3779 2574
210 2575
1231 2576
1517 2577
2985 2578
323 2579
2399 2580
3188 2581
3738 2582
1075 2583
3158 2584
3154 2585
2555 2586
1475 2587
3 2588
3380 2589
1945 2590
1038 2591
4177 2592
633 2593
1094 2594
828 2595
4079 2596
3273 2597
2267 2598
3012 2599
3896 2600
4448 2601
4026 2602
1388 2603
1732 2604
4327 2605
22 2606
2248 2607
1827 2608
891 2609
2263 2610
4366 2611
523 2612
3295 2613
2386 2614
1481 2615
2509 2616
1974 2617
4207 2618
3455 2619
1978 2620
858 2621
4442 2622
4166 2623
3728 2624
2785 2625
1443 2626
3927 2627
1854 2628
2469 2629
727 2630
4172 2631
3402 2632
4128 2633
2482 2634
2816 2635
3173 2636
119 2637
1433 2638
432 2639
4138 2640
2907 2641
592 2642
1305 2643
1161 2644
2664 2645
3762 2646
3362 2647
1699 2648
310 2649
817 2650
1893 2651
1560 2652
3625 2653
4230 2654
271 2655
4245 2656
4100 2657
1147 2658
934 2659
2360 2660
80 2661
2271 2662
1185 2663
3057 2664
2704 2665
3125 2666
1354 2667
3337 2668
4312 2669
274 2670
950 2671
3653 2672
4417 2673
1095 2674
2418 2675
66 2676
2626 2677
719 2678
3715 2679
1653 2680
3500 2681
1344 2682
1359 2683
4460 2684
1876 2685
3791 2686
3635 2687
2850 2688
2652 2689
2668 2690
693 2691
1776 2692
3693 2693
2726 2694
2223 2695
1155 2696
3181 2697
2647 2698
53 2699
2840 2700
2312 2701
3338 2702
2225 2703
3712 2704
3676 2705
1047 2706
4443 2707
4235 2708
927 2709
3669 2710
3548 2711
1251 2712
1796 2713
3147 2714
1233 2715
2133 2716
732 2717
824 2718
1324 2719
3499 2720
3967 2721
2210 2722
3294 2723
1874 2724
1187 2725
3476 2726
1073 2727
3282 2728
655 2729
660 2730
4434 2731
1011 2732
3555 2733
2485 2734
1176 2735
98 2736
2643 2737
2587 2738
3885 2739
442 2740
938 2741
3382 2742
905 2743
4216 2744
786 2745
379 2746
2201 2747
82 2748
1224 2749
5 2750
2019 2751
265 2752
3398 2753
2693 2754
333 2755
3800 2756
4425 2757
335 2758
3070 2759
1350 2760
2308 2761
3184 2762
4430 2763
3308 2764
3917 2765
1657 2766
1991 2767
2622 2768
1954 2769
3235 2770
1755 2771
1787 2772
738 2773
1437 2774
2526 2775
3763 2776
3648 2777
1692 2778
859 2779
2445 2780
3066 2781
1084 2782
1906 2783
2960 2784
1003 2785
3062 2786
4014 2787
3805 2788
2801 2789
2923 2790
731 2791
1267 2792
1126 2793
2853 2794
2104 2795
2701 2796
4501 2797
223 2798
1149 2799
3347 2800
2390 2801
4039 2802
4200 2803
4367 2804
320 2805
517 2806
3750 2807
191 2808
582 2809
1780 2810
3698 2811
2544 2812
1569 2813
4028 2814
3215 2815
2078 2816
2732 2817
4095 2818
1859 2819
4094 2820
257 2821
1531 2822
4240 2823
3027 2824
2826 2825
888 2826
1959 2827
680 2828
360 2829
3405 2830
3462 2831
2349 2832
4437 2833
1660 2834
2029 2835
4424 2836
3618 2837
2799 2838
2499 2839
2259 2840
1846 2841
700 2842
4281 2843
2092 2844
1679 2845
243 2846
3882 2847
1704 2848
3592 2849
3577 2850
2962 2851
491 2852
685 2853
2425 2854
650 2855
2016 2856
1130 2857
2746 2858
939 2859
2381 2860
1638 2861
1293 2862
2303 2863
3764 2864
3727 2865
2120 2866
803 2867
642 2868
2122 2869
2269 2870
4170 2871
996 2872
569 2873
4027 2874
3593 2875
4121 2876
3905 2877
4055 2878
2520 2879
426 2880
2004 2881
2833 2882
2353 2883
754 2884
347 2885
2772 2886
1430 2887
3966 2888
2342 2889
4214 2890
2055 2891
3257 2892
2474 2893
384 2894
740 2895
1860 2896
2625 2897
3776 2898
721 2899
1632 2900
21 2901
1237 2902
777 2903
2284 2904
2903 2905
2414 2906
2431 2907
2773 2908
3881 2909
4322 2910
3914 2911
13 2912
1497 2913
4089 2914
3236 2915
2145 2916
1775 2917
3687 2918
3187 2919
2293 2920
4384 2921
1245 2922
2908 2923
2821 2924
420 2925
2922 2926
2952 2927
2673 2928
490 2929
964 2930
783 2931
32 2932
1661 2933
943 2934
4074 2935
206 2936
4249 2937
4347 2938
3248 2939
3492 2940
225 2941
94 2942
1596 2943
549 2944
1195 2945
3278 2946
2087 2947
3831 2948
1631 2949
3602 2950
2344 2951
941 2952
585 2953
2777 2954
3407 2955
1839 2956
425 2957
751 2958
767 2959
475 2960
2039 2961
278 2962
762 2963
2172 2964
1282 2965
1451 2966
3590 2967
2373 2968
1913 2969
3644 2970
2347 2971
2459 2972
687 2973
4401 2974
3780 2975
2430 2976
4256 2977
1686 2978
2236 2979
1039 2980
2786 2981
1035 2982
703 2983
144 2984
1266 2985
2898 2986
632 2987
1250 2988
28 2989
3441 2990
742 2991
1384 2992
4154 2993
1742 2994
45 2995
3720 2996
3363 2997
3956 2998
676 2999
3933 3000
614 3001
3163 3002
922 3003
4441 3004
2599 3005
1363 3006
3598 3007
4259 3008
2761 3009
1160 3010
484 3011
1248 3012
1329 3013
2245 3014
657 3015
2351 3016
2619 3017
3454 3018
3802 3019
2333 3020
2720 3021
674 3022
4112 3023
529 3024
1008 3025
3463 3026
1114 3027
3162 3028
1157 3029
4383 3030
3583 3031
704 3032
3807 3033
2533 3034
1931 3035
3991 3036
394 3037
3910 3038
4206 3039
2585 3040
3262 3041
689 3042
4272 3043
2562 3044
806 3045
4222 3046
1801 3047
2749 3048
1026 3049
695 3050
841 3051
1781 3052
1762 3053
3987 3054
952 3055
2193 3056
4006 3057
2525 3058
880 3059
52 3060
672 3061
528 3062
1089 3063
1932 3064
2020 3065
851 3066
2407 3067
3789 3068
459 3069
1400 3070
1341 3071
1980 3072
3010 3073
4382 3074
44 3075
2206 3076
348 3077
2174 3078
409 3079
4264 3080
1962 3081
1348 3082
1765 3083
502 3084
378 3085
1539 3086
330 3087
1484 3088
2089 3089
1870 3090
2462 3091
1794 3092
662 3093
3630 3094
789 3095
4284 3096
581 3097
3074 3098
893 3099
4047 3100
1361 3101
4435 3102
4212 3103
1308 3104
1995 3105
1474 3106
2835 3107
3144 3108
4252 3109
1122 3110
967 3111
3288 3112
207 3113
1412 3114
2972 3115
774 3116
133 3117
2896 3118
4173 3119
4051 3120
400 3121
4341 3122
705 3123
485 3124
1442 3125
652 3126
2842 3127
1941 3128
2026 3129
1198 3130
1942 3131
3412 3132
2887 3133
4504 3134
3510 3135
1138 3136
2974 3137
2934 3138
3804 3139
753 3140
3939 3141
1878 3142
1414 3143
474 3144
2564 3145
4447 3146
2905 3147
2297 3148
2697 3149
2018 3150
422 3151
391 3152
2180 3153
4411 3154
2718 3155
1727 3156
556 3157
2611 3158
3197 3159
2857 3160
128 3161
1377 3162
839 3163
203 3164
2627 3165
3958 3166
2380 3167
1346 3168
1793 3169
4388 3170
1232 3171
447 3172
2729 3173
60 3174
4201 3175
2880 3176
538 3177
1225 3178
416 3179
1983 3180
2475 3181
3642 3182
3842 3183
997 3184
2637 3185
3890 3186
4473 3187
2531 3188
2928 3189
1381 3190
4423 3191
1554 3192
2618 3193
525 3194
1530 3195
4020 3196
3768 3197
531 3198
1371 3199
3838 3200
1206 3201
849 3202
2354 3203
2486 3204
679 3205
1431 3206
1208 3207
3527 3208
4204 3209
4050 3210
364 3211
1014 3212
1966 3213
3699 3214
3952 3215
1448 3216
192 3217
627 3218
1230 3219
1701 3220
4505 3221
4231 3222
3985 3223
4165 3224
1889 3225
2493 3226
197 3227
1037 3228
298 3229
886 3230
4199 3231
1656 3232
1045 3233
3772 3234
686 3235
1374 3236
388 3237
3871 3238
2369 3239
2350 3240
6 3241
1104 3242
1351 3243
1460 3244
3898 3245
1229 3246
372 3247
143 3248
3332 3249
3481 3250
3942 3251
3047 3252
2538 3253
790 3254
2359 3255
3260 3256
2723 3257
696 3258
3419 3259
1872 3260
3226 3261
1996 3262
1159 3263
1806 3264
2767 3265
3718 3266
2621 3267
1585 3268
2810 3269
4169 3270
2948 3271
2924 3272
2496 3273
3495 3274
3054 3275
3818 3276
3600 3277
1398 3278
142 3279
4364 3280
735 3281
3007 3282
4359 3283
246 3284
2494 3285
2797 3286
1081 3287
2929 3288
3811 3289
718 3290
10 3291
251 3292
2676 3293
3378 3294
1258 3295
842 3296
578 3297
1535 3298
83 3299
9 3300
3731 3301
771 3302
4009 3303
314 3304
286 3305
3190 3306
826 3307
2148 3308
2957 3309
3136 3310
1677 3311
4232 3312
1083 3313
1812 3314
1306 3315
1079 3316
3551 3317
1903 3318
3825 3319
117 3320
417 3321
2237 3322
3311 3323
247 3324
4295 3325
1571 3326
2163 3327
2152 3328
3037 3329
1865 3330
2501 3331
1516 3332
4152 3333
1001 3334
1651 3335
260 3336
603 3337
309 3338
956 3339
664 3340
4164 3341
1844 3342
406 3343
3018 3344
621 3345
1733 3346
653 3347
3859 3348
1092 3349
2449 3350
3739 3351
2376 3352
3205 3353
1672 3354
4481 3355
3472 3356
4171 3357
3574 3358
4132 3359
758 3360
1423 3361
2041 3362
167 3363
1892 3364
461 3365
1076 3366
2235 3367
2883 3368
1934 3369
2733 3370
602 3371
2103 3372
3420 3373
643 3374
3568 3375
4286 3376
1070 3377
62 3378
1723 3379
2677 3380
46 3381
3193 3382
788 3383
4013 3384
1841 3385
2416 3386
1022 3387
3709 3388
3615 3389
435 3390
1099 3391
1394 3392
3052 3393
3702 3394
2876 3395
2115 3396
4483 3397
1809 3398
357 3399
3732 3400
3440 3401
3309 3402
2596 3403
3774 3404
1242 3405
3969 3406
1536 3407
1646 3408
489 3409
3032 3410
2241 3411
3948 3412
275 3413
3255 3414
1048 3415
3230 3416
3331 3417
3020 3418
4102 3419
3978 3420
3932 3421
4243 3422
756 3423
2515 3424
1960 3425
3036 3426
2754 3427
1947 3428
3975 3429
1002 3430
3220 3431
4350 3432
2393 3433
1620 3434
1503 3435
2949 3436
2603 3437
1573 3438
2573 3439
282 3440
3251 3441
2858 3442
3432 3443
1125 3444
872 3445
1006 3446
3168 3447
847 3448
1504 3449
1265 3450
4104 3451
4085 3452
3544 3453
2184 3454
1684 3455
4205 3456
917 3457
2902 3458
63 3459
370 3460
4413 3461
2321 3462
4372 3463
933 3464
3904 3465
3431 3466
1128 3467
293 3468
791 3469
1593 3470
2325 3471
838 3472
2919 3473
125 3474
3038 3475
2054 3476
4133 3477
2130 3478
2769 3479
4365 3480
2818 3481
1432 3482
2620 3483
1333 3484
17 3485
1255 3486
1924 3487
3474 3488
4467 3489
1697 3490
3101 3491
1869 3492
2721 3493
3872 3494
3946 3495
2413 3496
1482 3497
3342 3498
2409 3499
129 3500
3465 3501
4371 3502
136 3503
3014 3504
4077 3505
2352 3506
1738 3507
4160 3508
2513 3509
72 3510
2094 3511
2831 3512
629 3513
2015 3514
1512 3515
3652 3516
3833 3517
81 3518
163 3519
2852 3520
1080 3521
3289 3522
958 3523
1902 3524
2624 3525
215 3526
307 3527
948 3528
2834 3529
250 3530
1528 3531
1655 3532
2781 3533
1197 3534
609 3535
4186 3536
540 3537
1168 3538
4314 3539
2735 3540
3770 3541
1279 3542
1777 3543
3528 3544
1529 3545
4060 3546
1629 3547
2483 3548
356 3549
4463 3550
3065 3551
606 3552
2405 3553
1592 3554
4465 3555
2090 3556
2766 3557
121 3558
444 3559
1609 3560
2276 3561
3229 3562
3755 3563
1519 3564
4387 3565
1016 3566
118 3567
327 3568
1798 3569
4106 3570
3379 3571
3176 3572
1124 3573
296 3574
3307 3575
1355 3576
3659 3577
761 3578
1926 3579
4486 3580
2860 3581
4044 3582
4099 3583
2319 3584
4294 3585
1976 3586
1424 3587
3902 3588
148 3589
3878 3590
1136 3591
4236 3592
2164 3593
2481 3594
2192 3595
1054 3596
3856 3597
1165 3598
4024 3599
150 3600
947 3601
1658 3602
2127 3603
75 3604
1028 3605
3303 3606
2034 3607
2096 3608
359 3609
3015 3610
4065 3611
1537 3612
1270 3613
3901 3614
3809 3615
245 3616
2593 3617
2976 3618
2215 3619
4337 3620
3526 3621
2707 3622
2183 3623
3803 3624
3766 3625
4396 3626
512 3627
1004 3628
4289 3629
552 3630
2885 3631
1103 3632
3123 3633
2669 3634
1407 3635
290 3636
1917 3637
4118 3638
586 3639
3083 3640
2365 3641
498 3642
270 3643
1939 3644
3033 3645
1904 3646
2529 3647
3078 3648
2306 3649
681 3650
2865 3651
2671 3652
813 3653
2875 3654
430 3655
209 3656
1523 3657
353 3658
2911 3659
4156 3660
2411 3661
1724 3662
287 3663
782 3664
713 3665
1129 3666
1792 3667
3498 3668
3521 3669
2808 3670
1142 3671
2716 3672
628 3673
3861 3674
3116 3675
2736 3676
4053 3677
2091 3678
4260 3679
1707 3680
1905 3681
1814 3682
4134 3683
4491 3684
2497 3685
800 3686
3201 3687
2403 3688
1399 3689
3696 3690
413 3691
805 3692
4285 3693
3903 3694
590 3695
940 3696
273 3697
397 3698
3954 3699
2824 3700
2214 3701
2966 3702
1241 3703
2256 3704
2355 3705
3304 3706
2391 3707
2137 3708
1496 3709
4008 3710
2982 3711
1979 3712
2805 3713
2692 3714
1240 3715
4328 3716
2453 3717
2356 3718
3335 3719
2117 3720
3678 3721
2672 3722
3752 3723
3448 3724
2521 3725
1676 3726
508 3727
4326 3728
845 3729
810 3730
2899 3731
1857 3732
1227 3733
1421 3734
3937 3735
2002 3736
3854 3737
1411 3738
1923 3739
750 3740
835 3741
1303 3742
2783 3743
1687 3744
649 3745
2851 3746
103 3747
2980 3748
2105 3749
3055 3750
661 3751
3204 3752
946 3753
1737 3754
1866 3755
3370 3756
1441 3757
4182 3758
587 3759
2689 3760
2250 3761
3471 3762
2849 3763
1164 3764
15 3765
1153 3766
558 3767
1150 3768
1928 3769
1228 3770
2177 3771
1086 3772
123 3773
4438 3774
3634 3775
4262 3776
4105 3777
2283 3778
2770 3779
301 3780
892 3781
2937 3782
1921 3783
3438 3784
4167 3785
4414 3786
2657 3787
4395 3788
2507 3789
1447 3790
1510 3791
96 3792
3426 3793
216 3794
1601 3795
2698 3796
2022 3797
2368 3798
1545 3799
2877 3800
4158 3801
2200 3802
3797 3803
241 3804
1471 3805
2046 3806
867 3807
3655 3808
3218 3809
3227 3810
2914 3811
114 3812
3443 3813
1485 3814
3079 3815
2820 3816
2642 3817
1696 3818
3657 3819
480 3820
1587 3821
645 3822
3396 3823
1968 3824
4263 3825
4215 3826
222 3827
2435 3828
4244 3829
1024 3830
778 3831
3063 3832
1579 3833
712 3834
949 3835
42 3836
899 3837
1148 3838
1506 3839
3071 3840
2838 3841
3518 3842
1721 3843
520 3844
1262 3845
1578 3846
2936 3847
2128 3848
1215 3849
1541 3850
1674 3851
1899 3852
1140 3853
1965 3854
4142 3855
4397 3856
2428 3857
1508 3858
1771 3859
1973 3860
3489 3861
2516 3862
1007 3863
3829 3864
1971 3865
1217 3866
1597 3867
2616 3868
2954 3869
3416 3870
386 3871
1815 3872
1223 3873
1439 3874
4299 3875
3632 3876
3392 3877
780 3878
2574 3879
2155 3880
723 3881
1675 3882
2535 3883
3387 3884
4242 3885
3815 3886
1455 3887
794 3888
1736 3889
3945 3890
3909 3891
910 3892
2480 3893
3165 3894
4001 3895
1963 3896
4506 3897
3787 3898
1849 3899
92 3900
2750 3901
1132 3902
4255 3903
1015 3904
1199 3905
3133 3906
1069 3907
3170 3908
2895 3909
993 3910
1957 3911
2602 3912
2140 3913
3491 3914
3848 3915
4362 3916
3122 3917
4484 3918
3822 3919
2927 3920
1180 3921
3839 3922
4059 3923
797 3924
1470 3925
2951 3926
1946 3927
507 3928
3891 3929
3488 3930
2569 3931
3328 3932
3870 3933
3291 3934
2633 3935
1774 3936
1678 3937
54 3938
3093 3939
2168 3940
2759 3941
3741 3942
562 3943
2289 3944
2489 3945
2136 3946
2591 3947
3641 3948
254 3949
377 3950
1847 3951
3719 3952
694 3953
1805 3954
3874 3955
3798 3956
3494 3957
3545 3958
809 3959
3239 3960
3223 3961
2792 3962
2166 3963
3925 3964
2246 3965
640 3966
2408 3967
637 3968
897 3969
1479 3970
2410 3971
2208 3972
4309 3973
2996 3974
366 3975
3694 3976
1358 3977
4316 3978
2933 3979
2375 3980
1586 3981
887 3982
2931 3983
284 3984
1816 3985
2540 3986
2836 3987
1141 3988
361 3989
3670 3990
4162 3991
776 3992
2484 3993
617 3994
3245 3995
1964 3996
2253 3997
1791 3998
3280 3999
1212 4000
2063 4001
818 4002
3423 4003
1071 4004
3660 4005
1930 4006
1415 4007
4482 4008
3340 4009
2686 4010
393 4011
3178 4012
3460 4013
1404 4014
3742 4015
729 4016
781 4017
2859 4018
2760 4019
2305 4020
1782 4021
1331 4022
907 4023
3918 4024
1115 4025
635 4026
2238 4027
4302 4028
2986 4029
3783 4030
3109 4031
2651 4032
4140 4033
3997 4034
3556 4035
1689 4036
2014 4037
4475 4038
3597 4039
3029 4040
2023 4041
1352 4042
385 4043
2598 4044
3921 4045
1276 4046
2514 4047
1175 4048
4407 4049
2343 4050
821 4051
2044 4052
106 4053
702 4054
2085 4055
2074 4056
4073 4057
3567 4058
4300 4059
2296 4060
3675 4061
3198 4062
1408 4063
3021 4064
2796 4065
1042 4066
1557 4067
373 4068
3757 4069
4247 4070
3479 4071
2595 4072
1058 4073
146 4074
3919 4075
1281 4076
1524 4077
3537 4078
4191 4079
4419 4080
1252 4081
4254 4082
69 4083
2955 4084
2057 4085
1544 4086
3639 4087
1501 4088
863 4089
4032 4090
268 4091
4251 4092
460 4093
2756 4094
3769 4095
3886 4096
1202 4097
4122 4098
2793 4099
2830 4100
3275 4101
2921 4102
2358 4103
358 4104
2822 4105
116 4106
390 4107
443 4108
2379 4109
1595 4110
3130 4111
1705 4112
3120 4113
2753 4114
3000 4115
2575 4116
2415 4117
717 4118
1823 4119
749 4120
1385 4121
981 4122
4269 4123
2304 4124
1209 4125
3799 4126
4495 4127
3139 4128
402 4129
33 4130
1017 4131
1652 4132
4218 4133
1105 4134
2577 4135
2613 4136
1714 4137
2696 4138
3254 4139
2187 4140
2478 4141
2743 4142
4444 4143
1268 4144
4271 4145
398 4146
1709 4147
2802 4148
3506 4149
3664 4150
2273 4151
2943 4152
185 4153
673 4154
68 4155
744 4156
979 4157
12 4158
1347 4159
3452 4160
1608 4161
1561 4162
2035 4163
1300 4164
1607 4165
895 4166
4454 4167
1478 4168
3897 4169
3258 4170
2891 4171
2606 4172
811 4173
2461 4174
954 4175
1044 4176
1691 4177
1189 4178
3430 4179
346 4180
4034 4181
2470 4182
3417 4183
93 4184
4323 4185
915 4186
3068 4187
3327 4188
3844 4189
1877 4190
3031 4191
1059 4192
1313 4193
2988 4194
3748 4195
3034 4196
501 4197
2605 4198
3623 4199
2541 4200
196 4201
2045 4202
2317 4203
1419 4204
2000 4205
2869 4206
3677 4207
3745 4208
871 4209
2447 4210
3785 4211
4344 4212
2530 4213
1239 4214
1969 4215
690 4216
3023 4217
2738 4218
1088 4219
4196 4220
1731 4221
2636 4222
3864 4223
2609 4224
613 4225
1409 4226
195 4227
3439 4228
3299 4229
574 4230
3317 4231
4022 4232
802 4233
3107 4234
3232 4235
3963 4236
168 4237
545 4238
757 4239
3142 4240
1453 4241
1378 4242
3152 4243
3560 4244
509 4245
2874 4246
288 4247
3907 4248
369 4249
2197 4250
773 4251
928 4252
279 4253
3601 4254
1204 4255
3005 4256
2681 4257
174 4258
1848 4259
2809 4260
16 4261
4332 4262
1137 4263
1511 4264
3437 4265
4349 4266
1685 4267
3333 4268
3792 4269
604 4270
873 4271
2009 4272
4368 4273
3179 4274
4025 4275
4301 4276
2659 4277
4000 4278
1717 4279
2765 4280
2926 4281
2109 4282
4432 4283
1477 4284
597 4285
730 4286
2420 4287
2205 4288
3435 4289
4502 4290
2097 4291
3900 4292
2464 4293
4110 4294
3403 4295
3726 4296
1619 4297
3126 4298
619 4299
1522 4300
1525 4301
289 4302
1367 4303
1321 4304
4459 4305
2703 4306
363 4307
3633 4308
2505 4309
2710 4310
3094 4311
4211 4312
1373 4313
340 4314
2149 4315
3324 4316
1566 4317
3326 4318
3352 4319
937 4320
4135 4321
4446 4322
4129 4323
2262 4324
2784 4325
3852 4326
4317 4327
1513 4328
2290 4329
350 4330
3367 4331
1134 4332
1078 4333
199 4334
4291 4335
599 4336
1043 4337
3663 4338
4224 4339
152 4340
4041 4341
1880 4342
2623 4343
451 4344
1943 4345
3285 4346
4197 4347
2170 4348
3700 4349
1457 4350
71 4351
1337 4352
970 4353
1108 4354
925 4355
1369 4356
3826 4357
1888 4358
2565 4359
3575 4360
194 4361
3486 4362
3174 4363
3629 4364
267 4365
1990 4366
2844 4367
1315 4368
3233 4369
4153 4370
2070 4371
3737 4372
3166 4373
1567 4374
2329 4375
2910 4376
1669 4377
2277 4378
438 4379
2322 4380
3754 4381
3782 4382
362 4383
1918 4384
2260 4385
2942 4386
3180 4387
2017 4388
861 4389
3399 4390
4209 4391
4304 4392
2539 4393
2188 4394
2901 4395
1507 4396
4353 4397
2209 4398
3589 4399
1158 4400
3636 4401
3067 4402
3643 4403
1911 4404
2387 4405
4474 4406
1999 4407
3990 4408
3277 4409
3658 4410
240 4411
697 4412
2666 4413
4321 4414
1320 4415
2790 4416
1386 4417
49 4418
760 4419
242 4420
4478 4421
768 4422
1387 4423
3111 4424
2440 4425
272 4426
2291 4427
2071 4428
107 4429
1985 4430
995 4431
3172 4432
1555 4433
4090 4434
3743 4435
3559 4436
139 4437
2654 4438
2813 4439
2807 4440
2888 4441
3860 4442
3509 4443
2670 4444
3050 4445
452 4446
3533 4447
658 4448
1256 4449
1610 4450
3761 4451
2146 4452
1790 4453
4067 4454
2357 4455
2190 4456
3691 4457
3916 4458
2159 4459
3422 4460
1916 4461
229 4462
2300 4463
4436 4464
453 4465
1887 4466
3522 4467
1994 4468
4449 4469
3315 4470
3253 4471
3704 4472
3252 4473
3191 4474
3564 4475
877 4476
3369 4477
900 4478
4063 4479
1861 4480
2162 4481
2778 4482
19 4483
2690 4484
807 4485
1328 4486
112 4487
682 4488
4066 4489
3892 4490
189 4491
3114 4492
3771 4493
622 4494
576 4495
3016 4496
3979 4497
1278 4498
1397 4499
1630 4500
1372 4501
1549 4502
1450 4503
3565 4504
2879 4505
1568 4506
548 4507
70 4508
1009 4509
2634 4510
1662 4511
1041 4512
3141 4513
238 4514
969 4515
4163 4516
2999 4517
2508 4518
2394 4519
48 4520
2266 4521
4078 4522
4385 4523
3183 4524
74 4525
1703 4526
3003 4527
792 4528
3261 4529
2202 4530
1068 4531
2646 4532
4469 4533
854 4534
1077 4535
2635 4536
234 4537
2189 4538
1327 4539
2421 4540
2043 4541
1152 4542
923 4543
3381 4544
3219 4545
3607 4546
3964 4547
1922 4548
2969 4549
3706 4550
3075 4551
331 4552
909 4553
1576 4554
659 4555
3496 4556
478 4557
437 4558
2660 4559
487 4560
4305 4561
3283 4562
3549 4563
1309 4564
1605 4565
568 4566
2590 4567
2745 4568
4308 4569
2272 4570
1628 4571
1795 4572
1222 4573
503 4574
3935 4575
4315 4576
4360 4577
1533 4578
1797 4579
2794 4580
381 4581
1563 4582
2832 4583
784 4584
401 4585
1031 4586
122 4587
3821 4588
1238 4589
4390 4590
2641 4591
2993 4592
1167 4593
3490 4594
3943 4595
2158 4596
2126 4597
2274 4598
352 4599
4313 4600
2401 4601
3011 4602
162 4603
1873 4604
2975 4605
2230 4606
1285 4607
4292 4608
4380 4609
3305 4610
4273 4611
1757 4612
1955 4613
2979 4614
3113 4615
3153 4616
3619 4617
2649 4618
631 4619
3666 4620
4093 4621
4188 4622
1302 4623
500 4624
441 4625
2571 4626
4237 4627
846 4628
2752 4629
3989 4630
998 4631
1819 4632
233 4633
3940 4634
439 4635
798 4636
814 4637
2134 4638
2216 4639
4471 4640
963 4641
4329 4642
1500 4643
3212 4644
1856 4645
2108 4646
4440 4647
2346 4648
56 4649
1929 4650
2500 4651
2378 4652
2751 4653
1542 4654
3986 4655
2213 4656
3058 4657
3614 4658
1203 4659
4500 4660
3473 4661
2441 4662
2675 4663
2617 4664
4045 4665
2287 4666
2983 4667
2678 4668
1295 4669
542 4670
1984 4671
239 4672
2196 4673
1087 4674
3272 4675
473 4676
486 4677
3048 4678
3497 4679
2884 4680
2523 4681
3504 4682
1977 4683
2682 4684
469 4685
1064 4686
3611 4687
1133 4688
1235 4689
64 4690
1392 4691
2873 4692
3665 4693
1499 4694
607 4695
1427 4696
736 4697
3406 4698
24 4699
3269 4700
3457 4701
4420 4702
1933 4703
1018 4704
202 4705
283 4706
2195 4707
324 4708
494 4709
2915 4710
3520 4711
3124 4712
3689 4713
4080 4714
4476 4715
1743 4716
4219 4717
987 4718
1297 4719
1318 4720
2243 4721
4225 4722
1464 4723
1548 4724
457 4725
4354 4726
3118 4727
1635 4728
3049 4729
113 4730
3346 4731
2419 4732
615 4733
2557 4734
55 4735
3428 4736
4155 4737
3386 4738
3778 4739
505 4740
4250 4741
734 4742
3982 4743
449 4744
3540 4745
176 4746
2310 4747
3135 4748
2153 4749
1864 4750
2427 4751
204 4752
3606 4753
1056 4754
4445 4755
2861 4756
3477 4757
2339 4758
544 4759
1562 4760
3756 4761
878 4762
3098 4763
164 4764
1654 4765
479 4766
4127 4767
3708 4768
4412 4769
1469 4770
3723 4771
1836 4772
960 4773
785 4774
1647 4775
120 4776
4179 4777
1085 4778
264 4779
2608 4780
2932 4781
1665 4782
3203 4783
1708 4784
522 4785
550 4786
2068 4787
1096 4788
4217 4789
376 4790
2392 4791
840 4792
3264 4793
4097 4794
1695 4795
219 4796
843 4797
3701 4798
2893 4799
3104 4800
4227 4801
4111 4802
3977 4803
483 4804
2935 4805
3654 4806
3355 4807
3550 4808
890 4809
1027 4810
1452 4811
901 4812
3998 4813
294 4814
1634 4815
834 4816
3411 4817
1420 4818
1746 4819
1577 4820
945 4821
868 4822
2106 4823
4375 4824
1961 4825
2722 4826
1107 4827
154 4828
4147 4829
4190 4830
2377 4831
3812 4832
3610 4833
2051 4834
2131 4835
547 4836
1881 4837
3072 4838
342 4839
3217 4840
311 4841
1786 4842
2487 4843
4031 4844
1489 4845
3880 4846
1645 4847
1000 4848
1875 4849
616 4850
2121 4851
644 4852
2313 4853
3061 4854
1454 4855
3464 4856
3159 4857
3605 4858
1981 4859
1290 4860
303 4861
2178 4862
4363 4863
3372 4864
2881 4865
3671 4866
1190 4867
181 4868
906 4869
43 4870
4057 4871
625 4872
2863 4873
1901 4874
2558 4875
1895 4876
4503 4877
338 4878
976 4879
2650 4880
1488 4881
2856 4882
3207 4883
1345 4884
2066 4885
1401 4886
2629 4887
1029 4888
1179 4889
3580 4890
2661 4891
313 4892
3697 4893
429 4894
1582 4895
3164 4896
3375 4897
3988 4898
612 4899
4228 4900
4150 4901
1909 4902
2775 4903
88 4904
2889 4905
3224 4906
2397 4907
495 4908
1413 4909
654 4910
1100 4911
1184 4912
1170 4913
1019 4914
4125 4915
3461 4916
3169 4917
329 4918
470 4919
1858 4920
2477 4921
755 4922
3973 4923
2846 4924
2221 4925
4410 4926
2683 4927
2471 4928
554 4929
304 4930
4117 4931
321 4932
1220 4933
2909 4934
935 4935
2075 4936
1711 4937
1445 4938
2056 4939
3571 4940
1852 4941
2007 4942
349 4943
2345 4944
4462 4945
1360 4946
1102 4947
2688 4948
894 4949
1606 4950
1422 4951
524 4952
4303 4953
2069 4954
3330 4955
2466 4956
4466 4957
4319 4958
1828 4959
3080 4960
957 4961
2719 4962
4340 4963
4003 4964
300 4965
1649 4966
1020 4967
2458 4968
2645 4969
1602 4970
4307 4971
1802 4972
3585 4973
1462 4974
801 4975
1741 4976
3271 4977
3274 4978
389 4979
3350 4980
1538 4981
221 4982
2639 4983
25 4984
4253 4985
3868 4986
3451 4987
3042 4988
2434 4989
4248 4990
1915 4991
299 4992
2680 4993
608 4994
1804 4995
4338 4996
3843 4997
953 4998
2614 4999
856 5000
1830 5001
124 5002
3265 5003
3507 5004
1785 5005
471 5006
1110 5007
2559 5008
149 5009
1082 5010
521 5011
4108 5012
580 5013
852 5014
516 5015
1940 5016
2706 5017
3383 5018
3542 5019
4115 5020
683 5021
912 5022
4358 5023
1264 5024
4433 5025
2944 5026
2567 5027
2959 5028
3206 5029
2217 5030
974 5031
4130 5032
1117 5033
493 5034
4136 5035
138 5036
31 5037
4226 5038
1177 5039
999 5040
2194 5041
2787 5042
4458 5043
3092 5044
2426 5045
193 5046
2107 5047
1154 5048
2429 5049
3208 5050
4096 5051
145 5052
326 5053
3167 5054
3857 5055
3115 5056
2292 5057
1890 5058
2817 5059
1751 5060
2141 5061
829 5062
1640 5063
2298 5064
2060 5065
201 5066
1644 5067
514 5068
4265 5069
3781 5070
902 5071
101 5072
3060 5073
3801 5074
2372 5075
285 5076
1896 5077
2437 5078
1139 5079
3310 5080
1246 5081
3620 5082
2219 5083
2065 5084
1515 5085
3672 5086
1982 5087
295 5088
1829 5089
2981 5090
3767 5091
153 5092
1467 5093
4277 5094
2712 5095
344 5096
1487 5097
3922 5098
4357 5099
322 5100
1680 5101
1260 5102
3908 5103
2467 5104
3145 5105
3286 5106
2058 5107
499 5108
779 5109
3469 5110
3013 5111
2744 5112
3279 5113
3051 5114
1604 5115
3961 5116
1389 5117
1600 5118
2717 5119
3814 5120
1040 5121
3096 5122
3873 5123
4320 5124
747 5125
297 5126
157 5127
35 5128
1925 5129
8 5130
3281 5131
3594 5132
1725 5133
3535 5134
3225 5135
2841 5136
2653 5137
1898 5138
883 5139
2460 5140
3081 5141
248 5142
932 5143
2062 5144
2095 5145
2320 5146
2551 5147
3356 5148
879 5149
418 5150
4149 5151
3777 5152
3397 5153
3316 5154
2814 5155
1343 5156
262 5157
37 5158
3129 5159
78 5160
2412 5161
3343 5162
1182 5163
4072 5164
1822 5165
1908 5166
3624 5167
3214 5168
2382 5169
4056 5170
1021 5171
2003 5172
4356 5173
20 5174
4498 5175
4015 5176
543 5177
3466 5178
4456 5179
4091 5180
1366 5181
1072 5182
929 5183
1030 5184
3713 5185
3730 5186
4033 5187
1192 5188
4088 5189
3237 5190
1694 5191
410 5192
4381 5193
601 5194
3680 5195
3334 5196
2495 5197
2963 5198
4087 5199
3069 5200
1914 5201
924 5202
2261 5203
1712 5204
3915 5205
3409 5206
155 5207
339 5208
2099 5209
2848 5210
1851 5211
1277 5212
575 5213
3562 5214
2713 5215
3845 5216
3775 5217
2125 5218
589 5219
4416 5220
3064 5221
59 5222
4343 5223
2607 5224
2554 5225
763 5226
3627 5227
2181 5228
496 5229
3182 5230
380 5231
567 5232
984 5233
988 5234
2916 5235
1998 5236
2012 5237
1446 5238
4210 5239
2964 5240
675 5241
4257 5242
4113 5243
2053 5244
27 5245
4223 5246
3552 5247
4131 5248
3744 5249
1598 5250
3086 5251
3751 5252
1463 5253
2731 5254
1416 5255
1948 5256
860 5257
2825 5258
737 5259
1673 5260
2685 5261
3434 5262
2615 5263
2005 5264
2 5265
2268 5266
2422 5267
4195 5268
1599 5269
3879 5270
3044 5271
2451 5272
2456 5273
570 5274
2232 5275
2803 5276
3089 5277
2709 5278
4288 5279
1772 5280
392 5281
4310 5282
3512 5283
4427 5284
994 5285
4391 5286
2537 5287
2946 5288
3519 5289
4021 5290
3322 5291
4280 5292
3026 5293
3578 5294
3576 5295
1752 5296
2406 5297
29 5298
2279 5299
3359 5300
2845 5301
3784 5302
4037 5303
535 5304
308 5305
2547 5306
1938 5307
4298 5308
2989 5309
1210 5310
1868 5311
3360 5312
1643 5313
1625 5314
1033 5315
2991 5316
1570 5317
1879 5318
4071 5319
1558 5320
3001 5321
156 5322
2906 5323
536 5324
1767 5325
411 5326
3325 5327
572 5328
3345 5329
2328 5330
3516 5331
100 5332
889 5333
213 5334
492 5335
2439 5336
3146 5337
4290 5338
1013 5339
2878 5340
1550 5341
2763 5342
551 5343
3389 5344
3920 5345
1764 5346
876 5347
90 5348
3002 5349
2594 5350
2446 5351
337 5352
903 5353
3202 5354
623 5355
4346 5356
741 5357
2050 5358
2129 5359
3503 5360
2947 5361
1322 5362
3241 5363
1670 5364
3930 5365
415 5366
2173 5367
1116 5368
2473 5369
3091 5370
714 5371
3906 5372
237 5373
1060 5374
3929 5375
3710 5376
3830 5377
2222 5378
1882 5379
530 5380
2734 5381
864 5382
4409 5383
200 5384
1747 5385
2811 5386
3558 5387
319 5388
2925 5389
1956 5390
2984 5391
351 5392
3735 5393
1753 5394
1172 5395
433 5396
3532 5397
618 5398
4377 5399
2774 5400
4426 5401
668 5402
2340 5403
772 5404
709 5405
3483 5406
1317 5407
866 5408
2938 5409
2037 5410
4036 5411
1749 5412
2436 5413
1418 5414
678 5415
3661 5416
3572 5417
1364 5418
656 5419
2582 5420
3884 5421
3250 5422
3993 5423
1314 5424
4187 5425
1970 5426
1480 5427
2545 5428
2970 5429
1574 5430
256 5431
2135 5432
1556 5433
1810 5434
1444 5435
41 5436
2033 5437
2010 5438
2527 5439
3947 5440
2093 5441
3482 5442
795 5443
3484 5444
4342 5445
4038 5446
533 5447
2864 5448
186 5449
2600 5450
4019 5451
214 5452
263 5453
832 5454
3095 5455
2191 5456
3581 5457
3876 5458
4 5459
2566 5460
3017 5461
2455 5462
1729 5463
2561 5464
560 5465
3612 5466
14 5467
3587 5468
1993 5469
3773 5470
2247 5471
2285 5472
1292 5473
18 5474
2630 5475
918 5476
4403 5477
2229 5478
1349 5479
1143 5480
3161 5481
3721 5482
1987 5483
920 5484
3637 5485
1053 5486
87 5487
1362 5488
3374 5489
2302 5490
1438 5491
804 5492
1173 5493
1491 5494
269 5495
1682 5496
1476 5497
61 5498
1296 5499
104 5500
2433 5501
4399 5502
2361 5503
3234 5504
1272 5505
306 5506
4010 5507
