583 1001
483 1002
1910 1003
1337 1004
1078 1005
144 1006
604 1007
123 1008
78 1009
563 1010
687 1011
433 1012
1726 1013
2329 1014
2355 1015
2454 1016
2311 1017
1933 1018
2055 1019
1111 1020
675 1021
118 1022
913 1023
1171 1024
1614 1025
1339 1026
398 1027
2351 1028
2284 1029
394 1030
8 1031
1804 1032
390 1033
948 1034
1342 1035
1893 1036
2026 1037
652 1038
709 1039
313 1040
1794 1041
2337 1042
584 1043
64 1044
958 1045
758 1046
814 1047
609 1048
1217 1049
942 1050
2239 1051
1343 1052
1486 1053
2087 1054
482 1055
696 1056
1508 1057
142 1058
1802 1059
845 1060
115 1061
2230 1062
1203 1063
1996 1064
1474 1065
2359 1066
1262 1067
872 1068
105 1069
779 1070
1047 1071
154 1072
1296 1073
1019 1074
2252 1075
66 1076
2270 1077
2146 1078
347 1079
793 1080
801 1081
1341 1082
1570 1083
1081 1084
1943 1085
629 1086
369 1087
177 1088
362 1089
1751 1090
1195 1091
1850 1092
271 1093
2404 1094
159 1095
217 1096
1320 1097
495 1098
471 1099
1074 1100
1624 1101
1236 1102
1673 1103
1124 1104
376 1105
167 1106
594 1107
1932 1108
1516 1109
1865 1110
1229 1111
1805 1112
2062 1113
654 1114
1403 1115
2487 1116
466 1117
214 1118
613 1119
1333 1120
1097 1121
963 1122
1202 1123
1410 1124
1880 1125
1220 1126
1231 1127
1764 1128
1253 1129
557 1130
110 1131
1664 1132
147 1133
2128 1134
2420 1135
1300 1136
249 1137
691 1138
2246 1139
1822 1140
335 1141
848 1142
2500 1143
49 1144
619 1145
1681 1146
1095 1147
1432 1148
876 1149
1750 1150
234 1151
1166 1152
1061 1153
1480 1154
1255 1155
1655 1156
1532 1157
423 1158
2132 1159
875 1160
407 1161
26 1162
621 1163
2326 1164
683 1165
2482 1166
1636 1167
2160 1168
985 1169
1924 1170
1580 1171
2302 1172
2322 1173
784 1174
1110 1175
1775 1176
1120 1177
2177 1178
760 1179
197 1180
2008 1181
1046 1182
2473 1183
851 1184
1718 1185
959 1186
1447 1187
519 1188
1144 1189
526 1190
692 1191
1651 1192
327 1193
1500 1194
1223 1195
1653 1196
896 1197
329 1198
587 1199
815 1200
944 1201
1875 1202
1656 1203
711 1204
787 1205
158 1206
189 1207
312 1208
757 1209
835 1210
926 1211
360 1212
1987 1213
1481 1214
2034 1215
951 1216
1316 1217
1048 1218
208 1219
332 1220
472 1221
1200 1222
1903 1223
1652 1224
2372 1225
1401 1226
1954 1227
663 1228
2292 1229
1465 1230
1347 1231
2293 1232
2029 1233
65 1234
15 1235
1642 1236
660 1237
1806 1238
1971 1239
1616 1240
1169 1241
201 1242
980 1243
698 1244
909 1245
690 1246
1578 1247
2509 1248
1021 1249
1355 1250
1076 1251
1646 1252
2015 1253
918 1254
1960 1255
824 1256
1192 1257
1252 1258
150 1259
672 1260
699 1261
2410 1262
562 1263
891 1264
2486 1265
1446 1266
1988 1267
444 1268
1140 1269
1946 1270
678 1271
1687 1272
1796 1273
1657 1274
2348 1275
605 1276
1185 1277
1285 1278
1815 1279
1395 1280
1189 1281
844 1282
133 1283
2318 1284
2207 1285
2210 1286
1254 1287
1181 1288
717 1289
1495 1290
281 1291
2059 1292
607 1293
806 1294
2306 1295
198 1296
1175 1297
1130 1298
1325 1299
2338 1300
965 1301
1740 1302
50 1303
2342 1304
2513 1305
1737 1306
590 1307
2025 1308
617 1309
1537 1310
45 1311
155 1312
2250 1313
1161 1314
264 1315
237 1316
21 1317
2153 1318
1251 1319
1965 1320
924 1321
572 1322
582 1323
2096 1324
2290 1325
405 1326
1419 1327
1179 1328
1108 1329
772 1330
100 1331
1861 1332
1872 1333
1018 1334
14 1335
655 1336
12 1337
2198 1338
1493 1339
1667 1340
535 1341
63 1342
2262 1343
998 1344
2504 1345
94 1346
83 1347
2217 1348
752 1349
1906 1350
1586 1351
625 1352
2144 1353
1583 1354
1714 1355
1360 1356
331 1357
1208 1358
534 1359
1868 1360
1666 1361
1863 1362
749 1363
2346 1364
200 1365
381 1366
2167 1367
1467 1368
2363 1369
2086 1370
1682 1371
1367 1372
2277 1373
2108 1374
41 1375
1572 1376
1981 1377
825 1378
504 1379
1854 1380
1224 1381
1566 1382
1975 1383
315 1384
964 1385
2019 1386
7 1387
865 1388
235 1389
1568 1390
1069 1391
667 1392
899 1393
2233 1394
973 1395
544 1396
1196 1397
1453 1398
1899 1399
2095 1400
19 1401
2414 1402
2505 1403
1301 1404
1197 1405
1204 1406
1260 1407
1182 1408
1383 1409
1989 1410
1314 1411
119 1412
2294 1413
1746 1414
2069 1415
799 1416
603 1417
90 1418
1321 1419
392 1420
808 1421
1160 1422
2485 1423
1280 1424
77 1425
1547 1426
2222 1427
1785 1428
1638 1429
176 1430
1834 1431
1430 1432
2406 1433
1966 1434
113 1435
404 1436
1298 1437
2360 1438
2308 1439
636 1440
2243 1441
585 1442
1356 1443
788 1444
1884 1445
1232 1446
443 1447
1644 1448
1623 1449
1476 1450
1397 1451
1221 1452
2014 1453
1353 1454
1658 1455
2162 1456
1031 1457
259 1458
1295 1459
2081 1460
209 1461
1862 1462
657 1463
253 1464
877 1465
1271 1466
242 1467
1153 1468
2054 1469
244 1470
2010 1471
2056 1472
151 1473
2378 1474
1892 1475
1228 1476
1038 1477
2038 1478
1755 1479
2497 1480
567 1481
116 1482
181 1483
128 1484
768 1485
1487 1486
591 1487
1937 1488
92 1489
488 1490
618 1491
1010 1492
1923 1493
1526 1494
211 1495
2428 1496
871 1497
308 1498
2433 1499
1613 1500
1610 1501
789 1502
987 1503
1848 1504
1915 1505
836 1506
1621 1507
2206 1508
588 1509
646 1510
2193 1511
2526 1512
1404 1513
839 1514
599 1515
1113 1516
708 1517
715 1518
1374 1519
337 1520
1950 1521
1956 1522
427 1523
27 1524
1969 1525
786 1526
265 1527
1256 1528
1513 1529
874 1530
2532 1531
88 1532
697 1533
224 1534
321 1535
1138 1536
1178 1537
991 1538
1464 1539
961 1540
1317 1541
2245 1542
1648 1543
746 1544
1503 1545
185 1546
1858 1547
1101 1548
574 1549
370 1550
323 1551
2259 1552
2182 1553
1760 1554
2 1555
2443 1556
1344 1557
318 1558
642 1559
1626 1560
598 1561
1949 1562
623 1563
111 1564
2172 1565
439 1566
2159 1567
31 1568
1411 1569
80 1570
2002 1571
496 1572
972 1573
1105 1574
460 1575
91 1576
245 1577
2184 1578
1146 1579
2449 1580
69 1581
1894 1582
1278 1583
1696 1584
858 1585
2100 1586
2286 1587
993 1588
2033 1589
2027 1590
1887 1591
1847 1592
2225 1593
2331 1594
252 1595
35 1596
1165 1597
489 1598
1776 1599
1879 1600
2058 1601
1269 1602
639 1603
68 1604
536 1605
1846 1606
706 1607
1412 1608
596 1609
539 1610
2078 1611
1567 1612
2068 1613
1015 1614
1555 1615
929 1616
195 1617
1332 1618
643 1619
2396 1620
2131 1621
1424 1622
750 1623
1719 1624
1821 1625
658 1626
164 1627
1523 1628
1471 1629
2000 1630
2323 1631
1608 1632
2280 1633
1292 1634
1147 1635
227 1636
1039 1637
1994 1638
882 1639
355 1640
771 1641
357 1642
1488 1643
1117 1644
1855 1645
389 1646
2142 1647
1761 1648
517 1649
393 1650
1461 1651
356 1652
2113 1653
1125 1654
1919 1655
1799 1656
1783 1657
885 1658
2520 1659
1274 1660
277 1661
510 1662
1883 1663
2130 1664
1686 1665
1781 1666
1803 1667
2373 1668
2102 1669
1091 1670
1215 1671
1375 1672
2474 1673
440 1674
688 1675
2392 1676
577 1677
2463 1678
1749 1679
930 1680
1592 1681
2035 1682
1159 1683
1122 1684
1084 1685
917 1686
1129 1687
2018 1688
2427 1689
107 1690
2152 1691
633 1692
523 1693
1073 1694
1477 1695
421 1696
257 1697
1209 1698
2244 1699
1779 1700
608 1701
76 1702
1497 1703
2397 1704
1706 1705
262 1706
1641 1707
241 1708
191 1709
928 1710
2258 1711
2495 1712
1238 1713
2204 1714
2303 1715
738 1716
419 1717
953 1718
371 1719
2076 1720
1382 1721
1058 1722
1335 1723
2129 1724
1399 1725
1674 1726
260 1727
1398 1728
2057 1729
386 1730
1006 1731
2173 1732
1695 1733
1042 1734
71 1735
2319 1736
387 1737
975 1738
1947 1739
927 1740
135 1741
2426 1742
1440 1743
1507 1744
1679 1745
981 1746
1313 1747
1607 1748
220 1749
886 1750
595 1751
1258 1752
2085 1753
1885 1754
1963 1755
1248 1756
199 1757
2330 1758
2375 1759
270 1760
894 1761
1873 1762
1551 1763
2275 1764
114 1765
2448 1766
1250 1767
2349 1768
1222 1769
112 1770
326 1771
1997 1772
2216 1773
1953 1774
1135 1775
553 1776
1180 1777
888 1778
1469 1779
1338 1780
1917 1781
453 1782
54 1783
56 1784
2296 1785
1270 1786
1597 1787
109 1788
852 1789
476 1790
230 1791
1170 1792
1808 1793
1535 1794
1723 1795
1323 1796
1377 1797
1557 1798
818 1799
379 1800
1669 1801
163 1802
1422 1803
1643 1804
770 1805
849 1806
707 1807
1791 1808
228 1809
1506 1810
1985 1811
859 1812
542 1813
2155 1814
84 1815
1584 1816
108 1817
1348 1818
2388 1819
2212 1820
538 1821
1457 1822
2088 1823
463 1824
2199 1825
1452 1826
1663 1827
803 1828
1517 1829
1205 1830
705 1831
1082 1832
1999 1833
1585 1834
1011 1835
718 1836
597 1837
2429 1838
887 1839
795 1840
2030 1841
600 1842
2134 1843
316 1844
2094 1845
1261 1846
1594 1847
1294 1848
1864 1849
81 1850
104 1851
47 1852
2340 1853
193 1854
900 1855
1482 1856
2440 1857
1813 1858
2438 1859
950 1860
2456 1861
601 1862
1712 1863
430 1864
747 1865
223 1866
1876 1867
447 1868
556 1869
1833 1870
1459 1871
246 1872
311 1873
1470 1874
2235 1875
1948 1876
2037 1877
1789 1878
2050 1879
1717 1880
1748 1881
897 1882
776 1883
1044 1884
2510 1885
2300 1886
367 1887
275 1888
1599 1889
1050 1890
449 1891
1596 1892
1005 1893
2391 1894
1550 1895
2148 1896
1152 1897
2157 1898
467 1899
1908 1900
1409 1901
2028 1902
288 1903
1352 1904
1849 1905
2493 1906
2476 1907
2305 1908
4 1909
1358 1910
134 1911
804 1912
573 1913
1288 1914
1214 1915
2012 1916
628 1917
1242 1918
125 1919
1112 1920
1450 1921
1036 1922
1716 1923
1788 1924
1713 1925
1241 1926
2044 1927
996 1928
1606 1929
1574 1930
2353 1931
1148 1932
1435 1933
143 1934
59 1935
884 1936
935 1937
2314 1938
2047 1939
2525 1940
432 1941
2446 1942
1891 1943
304 1944
2187 1945
1234 1946
1554 1947
448 1948
2512 1949
1548 1950
922 1951
57 1952
53 1953
558 1954
1092 1955
1741 1956
1914 1957
501 1958
9 1959
635 1960
2268 1961
1818 1962
500 1963
391 1964
1800 1965
2334 1966
2174 1967
1705 1968
1647 1969
1151 1970
1777 1971
429 1972
491 1973
976 1974
680 1975
2046 1976
130 1977
1703 1978
2251 1979
1772 1980
1729 1981
1689 1982
2269 1983
1792 1984
1024 1985
248 1986
1708 1987
936 1988
992 1989
1240 1990
931 1991
855 1992
2415 1993
99 1994
1622 1995
1852 1996
767 1997
1055 1998
52 1999
734 2000
1735 2001
413 2002
2457 2003
828 2004
2101 2005
1017 2006
1661 2007
2450 2008
1991 2009
1844 2010
205 2011
1085 2012
103 2013
1739 2014
276 2015
1888 2016
1809 2017
1685 2018
1837 2019
486 2020
168 2021
1001 2022
1163 2023
673 2024
247 2025
1603 2026
127 2027
85 2028
309 2029
940 2030
2423 2031
846 2032
2416 2033
1326 2034
11 2035
1191 2036
1225 2037
1589 2038
2139 2039
854 2040
98 2041
1099 2042
2499 2043
1941 2044
1501 2045
1187 2046
1441 2047
1402 2048
1109 2049
682 2050
250 2051
1057 2052
1004 2053
1929 2054
1373 2055
341 2056
22 2057
912 2058
29 2059
1553 2060
1691 2061
764 2062
1307 2063
649 2064
1137 2065
555 2066
1156 2067
1934 2068
1498 2069
1199 2070
1668 2071
2186 2072
1427 2073
2227 2074
2475 2075
1563 2076
2126 2077
388 2078
75 2079
1758 2080
725 2081
1303 2082
1035 2083
1349 2084
314 2085
1132 2086
1593 2087
436 2088
1627 2089
532 2090
86 2091
755 2092
860 2093
2009 2094
2297 2095
2039 2096
648 2097
2533 2098
23 2099
458 2100
766 2101
634 2102
2092 2103
1927 2104
997 2105
999 2106
2099 2107
554 2108
236 2109
1357 2110
2445 2111
507 2112
1266 2113
513 2114
1798 2115
32 2116
956 2117
1707 2118
1311 2119
1150 2120
2168 2121
1925 2122
36 2123
1765 2124
165 2125
1902 2126
384 2127
2439 2128
346 2129
1793 2130
411 2131
361 2132
1483 2133
215 2134
560 2135
1635 2136
1277 2137
674 2138
1406 2139
378 2140
1267 2141
2136 2142
1515 2143
129 2144
1183 2145
1445 2146
911 2147
399 2148
1579 2149
1968 2150
180 2151
307 2152
745 2153
174 2154
1768 2155
1959 2156
2370 2157
883 2158
1634 2159
792 2160
1365 2161
455 2162
373 2163
464 2164
2190 2165
1116 2166
2422 2167
1901 2168
1588 2169
226 2170
842 2171
2219 2172
1881 2173
74 2174
2421 2175
1104 2176
480 2177
2299 2178
661 2179
477 2180
763 2181
1672 2182
494 2183
1973 2184
968 2185
841 2186
2467 2187
274 2188
1639 2189
1072 2190
982 2191
456 2192
1468 2193
1286 2194
570 2195
493 2196
2385 2197
1650 2198
962 2199
377 2200
1851 2201
2171 2202
1692 2203
1022 2204
967 2205
2345 2206
300 2207
1336 2208
946 2209
305 2210
1913 2211
2364 2212
2444 2213
43 2214
1564 2215
1698 2216
2335 2217
1362 2218
206 2219
1475 2220
2084 2221
1961 2222
1857 2223
645 2224
212 2225
581 2226
1438 2227
1331 2228
1334 2229
2115 2230
974 2231
1128 2232
1565 2233
1972 2234
2237 2235
2350 2236
2169 2237
1433 2238
1216 2239
800 2240
2201 2241
1306 2242
1886 2243
1725 2244
350 2245
903 2246
160 2247
204 2248
1990 2249
1561 2250
344 2251
550 2252
1282 2253
1590 2254
1728 2255
626 2256
1767 2257
93 2258
2140 2259
2361 2260
1993 2261
2298 2262
971 2263
1389 2264
1522 2265
2021 2266
518 2267
1631 2268
269 2269
1840 2270
837 2271
139 2272
713 2273
2478 2274
354 2275
1759 2276
196 2277
2408 2278
396 2279
1575 2280
2109 2281
748 2282
2437 2283
794 2284
1297 2285
1790 2286
593 2287
1460 2288
192 2289
2321 2290
1394 2291
1414 2292
1384 2293
1407 2294
1662 2295
781 2296
1900 2297
1354 2298
2223 2299
2460 2300
13 2301
2260 2302
2278 2303
2189 2304
2527 2305
2181 2306
1604 2307
2121 2308
568 2309
1697 2310
462 2311
2208 2312
1889 2313
282 2314
1795 2315
1026 2316
420 2317
131 2318
1753 2319
571 2320
1093 2321
2158 2322
921 2323
44 2324
55 2325
1134 2326
299 2327
2451 2328
1086 2329
1964 2330
1299 2331
1045 2332
774 2333
1096 2334
2405 2335
2001 2336
1598 2337
2458 2338
465 2339
2484 2340
1235 2341
1733 2342
402 2343
1545 2344
2312 2345
1027 2346
1066 2347
1276 2348
1380 2349
1087 2350
1136 2351
684 2352
1670 2353
2352 2354
701 2355
1518 2356
2265 2357
2432 2358
2123 2359
2224 2360
324 2361
1364 2362
1774 2363
1386 2364
2118 2365
904 2366
2384 2367
540 2368
1243 2369
2341 2370
1871 2371
647 2372
1118 2373
2521 2374
1273 2375
2060 2376
641 2377
2097 2378
1921 2379
2481 2380
2226 2381
287 2382
138 2383
1002 2384
668 2385
1546 2386
1007 2387
157 2388
2127 2389
292 2390
1212 2391
651 2392
2138 2393
2213 2394
1065 2395
284 2396
2164 2397
1049 2398
966 2399
2185 2400
1059 2401
1600 2402
1823 2403
1090 2404
1839 2405
1710 2406
1911 2407
2254 2408
2402 2409
1571 2410
146 2411
481 2412
1611 2413
1922 2414
1736 2415
102 2416
615 2417
1559 2418
1219 2419
1769 2420
1569 2421
624 2422
988 2423
20 2424
1704 2425
2529 2426
543 2427
881 2428
296 2429
850 2430
915 2431
1030 2432
1417 2433
2107 2434
1845 2435
1945 2436
525 2437
2229 2438
735 2439
1028 2440
1970 2441
979 2442
286 2443
1107 2444
395 2445
524 2446
1859 2447
1678 2448
1665 2449
349 2450
1757 2451
1462 2452
986 2453
1227 2454
919 2455
2089 2456
431 2457
783 2458
1359 2459
2535 2460
442 2461
459 2462
1077 2463
2083 2464
1529 2465
530 2466
1544 2467
644 2468
1738 2469
2151 2470
2150 2471
291 2472
631 2473
351 2474
2154 2475
285 2476
202 2477
1612 2478
1511 2479
1842 2480
1980 2481
2191 2482
2103 2483
826 2484
2006 2485
901 2486
1284 2487
969 2488
2071 2489
1978 2490
2522 2491
1536 2492
1177 2493
1811 2494
938 2495
67 2496
2313 2497
2343 2498
1543 2499
1268 2500
2309 2501
380 2502
1505 2503
1287 2504
1539 2505
1040 2506
512 2507
2400 2508
1043 2509
1874 2510
42 2511
1962 2512
2291 2513
145 2514
229 2515
741 2516
782 2517
1350 2518
121 2519
812 2520
838 2521
1448 2522
1576 2523
178 2524
1618 2525
1281 2526
906 2527
1257 2528
140 2529
414 2530
1431 2531
1724 2532
497 2533
2315 2534
2490 2535
2357 2536
1683 2537
843 2538
62 2539
2215 2540
1378 2541
1640 2542
40 2543
28 2544
1601 2545
1133 2546
503 2547
960 2548
807 2549
194 2550
1437 2551
1577 2552
1265 2553
1387 2554
2367 2555
2273 2556
1244 2557
222 2558
219 2559
1938 2560
1841 2561
186 2562
1190 2563
283 2564
82 2565
559 2566
756 2567
2236 2568
1041 2569
1832 2570
2234 2571
1979 2572
1504 2573
977 2574
2175 2575
1054 2576
1068 2577
546 2578
622 2579
514 2580
2393 2581
2389 2582
2517 2583
602 2584
400 2585
1671 2586
1756 2587
700 2588
2179 2589
1558 2590
810 2591
878 2592
1032 2593
1890 2594
2163 2595
2137 2596
2007 2597
1491 2598
2530 2599
659 2600
385 2601
1743 2602
689 2603
1184 2604
1629 2605
2425 2606
1478 2607
712 2608
353 2609
1944 2610
1856 2611
759 2612
1436 2613
359 2614
1304 2615
1131 2616
681 2617
2091 2618
170 2619
484 2620
834 2621
343 2622
2356 2623
2077 2624
2114 2625
861 2626
1556 2627
2005 2628
1587 2629
1786 2630
955 2631
2381 2632
1155 2633
1867 2634
434 2635
1400 2636
1897 2637
1230 2638
1524 2639
1838 2640
2043 2641
1870 2642
2124 2643
2072 2644
2178 2645
1499 2646
2506 2647
580 2648
338 2649
1730 2650
1000 2651
827 2652
2031 2653
2288 2654
798 2655
2022 2656
1952 2657
1784 2658
727 2659
2232 2660
1289 2661
870 2662
2112 2663
1463 2664
2200 2665
1628 2666
890 2667
2041 2668
576 2669
1700 2670
653 2671
417 2672
1381 2673
251 2674
1514 2675
1218 2676
565 2677
5 2678
1405 2679
1060 2680
2170 2681
1164 2682
720 2683
461 2684
1967 2685
777 2686
437 2687
1429 2688
2498 2689
978 2690
122 2691
867 2692
2272 2693
551 2694
148 2695
1103 2696
2431 2697
1206 2698
1064 2699
1699 2700
233 2701
342 2702
620 2703
1782 2704
3 2705
1995 2706
541 2707
1591 2708
1037 2709
1 2710
267 2711
1920 2712
736 2713
34 2714
272 2715
2143 2716
1976 2717
2398 2718
1510 2719
2281 2720
2412 2721
1176 2722
2362 2723
2424 2724
1977 2725
1825 2726
268 2727
2197 2728
630 2729
1413 2730
695 2731
406 2732
830 2733
703 2734
2214 2735
765 2736
1843 2737
172 2738
656 2739
1062 2740
1895 2741
2511 2742
2307 2743
87 2744
947 2745
612 2746
1100 2747
908 2748
340 2749
2465 2750
829 2751
2276 2752
780 2753
1020 2754
2418 2755
561 2756
179 2757
949 2758
1745 2759
322 2760
358 2761
1904 2762
954 2763
1773 2764
1052 2765
937 2766
566 2767
1770 2768
1982 2769
1763 2770
1233 2771
990 2772
925 2773
2196 2774
2324 2775
1366 2776
106 2777
1141 2778
2508 2779
1676 2780
2098 2781
184 2782
1829 2783
831 2784
1188 2785
490 2786
1312 2787
2064 2788
171 2789
2283 2790
941 2791
401 2792
1677 2793
531 2794
278 2795
916 2796
640 2797
1484 2798
729 2799
1860 2800
2070 2801
1014 2802
2503 2803
2344 2804
1340 2805
1690 2806
1940 2807
2452 2808
853 2809
569 2810
1094 2811
2048 2812
898 2813
2358 2814
166 2815
1820 2816
1149 2817
261 2818
952 2819
2274 2820
2468 2821
1605 2822
1121 2823
527 2824
132 2825
614 2826
2492 2827
2282 2828
2371 2829
1012 2830
1168 2831
1711 2832
840 2833
408 2834
822 2835
2247 2836
2003 2837
1439 2838
38 2839
2390 2840
1866 2841
1420 2842
1376 2843
60 2844
2507 2845
2240 2846
773 2847
1530 2848
1315 2849
216 2850
2289 2851
2453 2852
2336 2853
2264 2854
1527 2855
1688 2856
650 2857
339 2858
1824 2859
141 2860
1308 2861
1984 2862
816 2863
310 2864
1916 2865
1992 2866
498 2867
1075 2868
1119 2869
679 2870
124 2871
2221 2872
2161 2873
2040 2874
266 2875
1830 2876
450 2877
1009 2878
2192 2879
2271 2880
714 2881
1363 2882
1455 2883
2519 2884
1167 2885
1327 2886
1654 2887
412 2888
156 2889
575 2890
2496 2891
2488 2892
2379 2893
505 2894
2067 2895
1602 2896
1957 2897
255 2898
2266 2899
416 2900
1369 2901
744 2902
2455 2903
1451 2904
670 2905
225 2906
1853 2907
364 2908
869 2909
2023 2910
1408 2911
2403 2912
1869 2913
933 2914
182 2915
2166 2916
2267 2917
586 2918
17 2919
1942 2920
1246 2921
1186 2922
1379 2923
1025 2924
289 2925
2483 2926
70 2927
188 2928
2374 2929
970 2930
2419 2931
1512 2932
2441 2933
522 2934
579 2935
218 2936
809 2937
2036 2938
1434 2939
1528 2940
1071 2941
1742 2942
2106 2943
1361 2944
2310 2945
2317 2946
1123 2947
1633 2948
152 2949
2287 2950
328 2951
382 2952
506 2953
1680 2954
2528 2955
2032 2956
564 2957
2110 2958
1102 2959
1525 2960
2053 2961
446 2962
1732 2963
2063 2964
820 2965
1931 2966
397 2967
1114 2968
79 2969
2147 2970
418 2971
2238 2972
2176 2973
273 2974
1878 2975
2016 2976
97 2977
2380 2978
1033 2979
739 2980
994 2981
213 2982
290 2983
1754 2984
2354 2985
2494 2986
1247 2987
2442 2988
2531 2989
1079 2990
1936 2991
1521 2992
1479 2993
2249 2994
422 2995
2013 2996
2042 2997
1029 2998
1428 2999
516 3000
149 3001
1828 3002
254 3003
1067 3004
479 3005
2105 3006
2347 3007
2325 3008
2515 3009
1098 3010
1351 3011
2383 3012
1766 3013
1421 3014
73 3015
984 3016
1393 3017
895 3018
1425 3019
1731 3020
1538 3021
945 3022
1762 3023
1490 3024
46 3025
409 3026
2447 3027
2090 3028
943 3029
1801 3030
452 3031
819 3032
58 3033
1291 3034
2382 3035
669 3036
1926 3037
297 3038
2434 3039
1533 3040
365 3041
1454 3042
1207 3043
1928 3044
240 3045
528 3046
2104 3047
1226 3048
1309 3049
920 3050
1106 3051
694 3052
1210 3053
731 3054
1625 3055
1416 3056
10 3057
2203 3058
117 3059
983 3060
1573 3061
2339 3062
892 3063
1826 3064
545 3065
754 3066
2211 3067
802 3068
2145 3069
2220 3070
1836 3071
363 3072
1693 3073
325 3074
547 3075
1632 3076
2320 3077
751 3078
334 3079
1534 3080
2135 3081
375 3082
2332 3083
902 3084
120 3085
1259 3086
1051 3087
537 3088
1675 3089
2248 3090
1392 3091
136 3092
1198 3093
1496 3094
1368 3095
499 3096
319 3097
1201 3098
1817 3099
2279 3100
716 3101
2004 3102
665 3103
1709 3104
1194 3105
797 3106
1702 3107
348 3108
677 3109
1720 3110
72 3111
989 3112
868 3113
1562 3114
48 3115
1520 3116
775 3117
1485 3118
1896 3119
1013 3120
1249 3121
907 3122
1722 3123
2333 3124
1211 3125
769 3126
753 3127
1542 3128
1549 3129
1958 3130
39 3131
710 3132
1540 3133
2149 3134
294 3135
258 3136
221 3137
1127 3138
1620 3139
1581 3140
2241 3141
2253 3142
932 3143
2459 3144
1983 3145
589 3146
666 3147
2020 3148
552 3149
1272 3150
2119 3151
232 3152
2218 3153
1882 3154
2479 3155
817 3156
1385 3157
2435 3158
791 3159
1552 3160
1747 3161
1595 3162
2231 3163
2413 3164
2462 3165
238 3166
637 3167
1807 3168
2120 3169
1245 3170
1154 3171
473 3172
1974 3173
1370 3174
352 3175
2052 3176
426 3177
627 3178
592 3179
454 3180
1329 3181
1305 3182
866 3183
610 3184
333 3185
509 3186
61 3187
1053 3188
2301 3189
2366 3190
1816 3191
1162 3192
317 3193
207 3194
832 3195
1345 3196
2209 3197
2183 3198
521 3199
1391 3200
1143 3201
1907 3202
1426 3203
785 3204
1449 3205
548 3206
1239 3207
1172 3208
2401 3209
203 3210
2045 3211
2255 3212
1396 3213
1034 3214
1456 3215
295 3216
95 3217
2079 3218
2116 3219
2257 3220
263 3221
1157 3222
239 3223
2469 3224
1619 3225
1780 3226
457 3227
2228 3228
1905 3229
1089 3230
1645 3231
2141 3232
2516 3233
1787 3234
2480 3235
2518 3236
298 3237
2524 3238
487 3239
256 3240
2523 3241
1955 3242
2061 3243
1930 3244
2202 3245
1115 3246
1998 3247
1263 3248
1372 3249
2501 3250
856 3251
606 3252
1213 3253
2051 3254
2075 3255
1609 3256
1466 3257
478 3258
1415 3259
1715 3260
468 3261
210 3262
2017 3263
2534 3264
1778 3265
1293 3266
934 3267
742 3268
2195 3269
733 3270
520 3271
1509 3272
1283 3273
2377 3274
1660 3275
1056 3276
1322 3277
330 3278
2417 3279
2165 3280
821 3281
366 3282
2430 3283
96 3284
2242 3285
611 3286
2407 3287
1918 3288
293 3289
2065 3290
1541 3291
847 3292
1346 3293
1473 3294
2024 3295
1458 3296
1008 3297
1142 3298
761 3299
1444 3300
2489 3301
280 3302
161 3303
320 3304
914 3305
1070 3306
533 3307
2411 3308
2376 3309
2464 3310
730 3311
1617 3312
1560 3313
2188 3314
451 3315
1814 3316
173 3317
1659 3318
231 3319
383 3320
16 3321
638 3322
2368 3323
470 3324
25 3325
616 3326
372 3327
529 3328
2491 3329
153 3330
813 3331
957 3332
1158 3333
778 3334
2461 3335
2133 3336
1986 3337
1909 3338
995 3339
1442 3340
33 3341
2180 3342
475 3343
1831 3344
2409 3345
864 3346
1939 3347
1835 3348
2082 3349
2327 3350
632 3351
2073 3352
445 3353
2261 3354
2304 3355
893 3356
1877 3357
368 3358
549 3359
1810 3360
126 3361
18 3362
1016 3363
37 3364
880 3365
862 3366
303 3367
724 3368
1797 3369
732 3370
2011 3371
2472 3372
2122 3373
190 3374
857 3375
1637 3376
2080 3377
1088 3378
1734 3379
685 3380
1684 3381
2194 3382
1023 3383
1328 3384
1771 3385
719 3386
2477 3387
1318 3388
137 3389
1173 3390
1951 3391
2066 3392
162 3393
939 3394
1494 3395
686 3396
511 3397
1531 3398
403 3399
2117 3400
2365 3401
1649 3402
428 3403
2093 3404
1324 3405
1290 3406
30 3407
762 3408
1003 3409
2074 3410
1615 3411
1912 3412
1727 3413
24 3414
2514 3415
306 3416
833 3417
492 3418
726 3419
2395 3420
737 3421
438 3422
1752 3423
676 3424
1275 3425
6 3426
2502 3427
728 3428
923 3429
1502 3430
1388 3431
2328 3432
1819 3433
740 3434
89 3435
51 3436
1489 3437
1310 3438
2470 3439
101 3440
2436 3441
704 3442
1721 3443
441 3444
1443 3445
2285 3446
279 3447
243 3448
1139 3449
1582 3450
1371 3451
2466 3452
1472 3453
1935 3454
722 3455
693 3456
474 3457
2316 3458
2386 3459
1519 3460
175 3461
1174 3462
1423 3463
508 3464
2399 3465
469 3466
743 3467
723 3468
301 3469
889 3470
2049 3471
2471 3472
2394 3473
485 3474
1390 3475
374 3476
169 3477
2256 3478
578 3479
1145 3480
1812 3481
790 3482
662 3483
2295 3484
1492 3485
1063 3486
1080 3487
425 3488
873 3489
863 3490
2369 3491
702 3492
415 3493
664 3494
2387 3495
2125 3496
410 3497
1898 3498
1083 3499
1418 3500
502 3501
2263 3502
1694 3503
2156 3504
1330 3505
823 3506
1827 3507
187 3508
435 3509
796 3510
2205 3511
2111 3512
1630 3513
424 3514
879 3515
1126 3516
1701 3517
302 3518
1744 3519
1302 3520
910 3521
1237 3522
336 3523
721 3524
183 3525
1193 3526
671 3527
1279 3528
1264 3529
1319 3530
345 3531
805 3532
811 3533
515 3534
905 3535
