221 1001
272 1002
2242 1003
2077 1004
57 1005
85 1006
2419 1007
339 1008
295 1009
383 1010
2129 1011
322 1012
273 1013
1943 1014
2486 1015
2027 1016
318 1017
1891 1018
2332 1019
1951 1020
213 1021
492 1022
2029 1023
102 1024
2411 1025
1788 1026
1779 1027
1835 1028
4 1029
1756 1030
491 1031
2410 1032
1818 1033
1774 1034
1762 1035
1745 1036
1737 1037
395 1038
1826 1039
549 1040
442 1041
1665 1042
2290 1043
1641 1044
636 1045
1684 1046
658 1047
1603 1048
1611 1049
2072 1050
1639 1051
1783 1052
1595 1053
2202 1054
1523 1055
130 1056
754 1057
439 1058
186 1059
626 1060
1734 1061
1005 1062
1451 1063
1572 1064
394 1065
1486 1066
1789 1067
1033 1068
1305 1069
854 1070
846 1071
928 1072
718 1073
456 1074
2294 1075
104 1076
467 1077
2131 1078
2495 1079
2343 1080
2028 1081
1887 1082
529 1083
1792 1084
1854 1085
2039 1086
553 1087
1858 1088
2527 1089
1715 1090
2196 1091
2200 1092
1973 1093
1806 1094
1150 1095
2170 1096
470 1097
367 1098
1662 1099
333 1100
1090 1101
207 1102
1656 1103
2043 1104
1546 1105
460 1106
680 1107
678 1108
1653 1109
731 1110
1497 1111
1604 1112
1072 1113
816 1114
629 1115
811 1116
512 1117
1749 1118
1391 1119
834 1120
1374 1121
1489 1122
1839 1123
761 1124
1515 1125
695 1126
1324 1127
370 1128
371 1129
1438 1130
1373 1131
1560 1132
2535 1133
574 1134
1648 1135
1695 1136
1683 1137
1766 1138
236 1139
237 1140
1825 1141
1261 1142
2011 1143
1011 1144
216 1145
1832 1146
516 1147
1703 1148
1532 1149
1672 1150
684 1151
1179 1152
826 1153
1754 1154
1649 1155
1242 1156
1397 1157
1059 1158
1686 1159
1232 1160
1386 1161
666 1162
1446 1163
800 1164
1236 1165
788 1166
1364 1167
1348 1168
752 1169
1437 1170
620 1171
1440 1172
1685 1173
1436 1174
479 1175
2109 1176
2135 1177
2031 1178
193 1179
2244 1180
1906 1181
2053 1182
378 1183
1847 1184
481 1185
129 1186
1871 1187
2151 1188
156 1189
1941 1190
2273 1191
350 1192
597 1193
1720 1194
1675 1195
1821 1196
2478 1197
2415 1198
526 1199
556 1200
390 1201
410 1202
1975 1203
1877 1204
136 1205
2289 1206
1602 1207
1447 1208
426 1209
630 1210
2441 1211
249 1212
2301 1213
2178 1214
268 1215
1990 1216
146 1217
2009 1218
218 1219
2420 1220
1928 1221
1923 1222
1 1223
2306 1224
2069 1225
376 1226
2066 1227
2252 1228
2243 1229
198 1230
2110 1231
341 1232
2035 1233
2089 1234
433 1235
317 1236
2525 1237
1725 1238
227 1239
1849 1240
40 1241
474 1242
421 1243
2103 1244
1760 1245
2519 1246
2169 1247
712 1248
2101 1249
1726 1250
1945 1251
1880 1252
2171 1253
748 1254
316 1255
579 1256
944 1257
1389 1258
1705 1259
2311 1260
134 1261
424 1262
590 1263
2372 1264
100 1265
766 1266
1997 1267
1081 1268
1566 1269
1565 1270
883 1271
879 1272
882 1273
1219 1274
1218 1275
1221 1276
315 1277
2485 1278
2481 1279
2444 1280
2190 1281
2024 1282
1865 1283
1658 1284
1846 1285
1949 1286
2265 1287
1965 1288
473 1289
571 1290
1652 1291
2277 1292
2447 1293
401 1294
400 1295
319 1296
2526 1297
1513 1298
2160 1299
28 1300
1593 1301
30 1302
555 1303
804 1304
1654 1305
2087 1306
1875 1307
1740 1308
494 1309
1262 1310
1158 1311
1793 1312
1969 1313
225 1314
699 1315
1790 1316
2051 1317
1651 1318
596 1319
566 1320
314 1321
762 1322
773 1323
1474 1324
917 1325
1550 1326
49 1327
2217 1328
1979 1329
141 1330
139 1331
212 1332
1993 1333
705 1334
1981 1335
91 1336
183 1337
11 1338
176 1339
205 1340
589 1341
2182 1342
2063 1343
2061 1344
107 1345
23 1346
2450 1347
163 1348
2142 1349
2025 1350
2004 1351
2023 1352
2168 1353
157 1354
329 1355
2057 1356
2287 1357
2167 1358
1959 1359
511 1360
2172 1361
299 1362
313 1363
1974 1364
138 1365
300 1366
1856 1367
1848 1368
1992 1369
326 1370
2208 1371
1855 1372
2451 1373
1819 1374
377 1375
1840 1376
381 1377
2121 1378
292 1379
2302 1380
1748 1381
2267 1382
1812 1383
1755 1384
403 1385
2255 1386
2483 1387
2150 1388
535 1389
1708 1390
2360 1391
297 1392
1860 1393
105 1394
2322 1395
54 1396
2132 1397
2147 1398
1976 1399
2146 1400
1797 1401
1914 1402
1753 1403
435 1404
585 1405
2052 1406
1863 1407
2264 1408
1782 1409
211 1410
2176 1411
457 1412
58 1413
1874 1414
121 1415
1843 1416
175 1417
1561 1418
643 1419
1445 1420
874 1421
644 1422
1292 1423
866 1424
2046 1425
900 1426
633 1427
327 1428
2480 1429
345 1430
1879 1431
1970 1432
1673 1433
1803 1434
197 1435
1717 1436
1727 1437
51 1438
1971 1439
1736 1440
599 1441
724 1442
676 1443
243 1444
1967 1445
1484 1446
1985 1447
1813 1448
1729 1449
645 1450
1512 1451
469 1452
537 1453
1638 1454
1687 1455
1608 1456
673 1457
603 1458
1862 1459
2427 1460
1660 1461
836 1462
1505 1463
1544 1464
572 1465
649 1466
1741 1467
697 1468
1752 1469
1831 1470
328 1471
128 1472
1600 1473
527 1474
1558 1475
1320 1476
1258 1477
1415 1478
696 1479
1495 1480
870 1481
664 1482
1702 1483
1456 1484
832 1485
132 1486
2378 1487
2012 1488
1084 1489
1876 1490
265 1491
431 1492
2363 1493
518 1494
2307 1495
627 1496
669 1497
1029 1498
605 1499
2099 1500
43 1501
1021 1502
568 1503
1573 1504
1485 1505
1480 1506
2456 1507
550 1508
1704 1509
1693 1510
793 1511
373 1512
639 1513
2326 1514
517 1515
1804 1516
1358 1517
458 1518
619 1519
920 1520
1086 1521
785 1522
2138 1523
2159 1524
32 1525
242 1526
123 1527
324 1528
338 1529
2074 1530
1830 1531
294 1532
1900 1533
546 1534
1647 1535
1645 1536
1003 1537
1598 1538
707 1539
563 1540
1507 1541
738 1542
379 1543
1481 1544
384 1545
429 1546
2094 1547
564 1548
347 1549
1663 1550
362 1551
164 1552
2185 1553
1918 1554
2386 1555
1995 1556
1670 1557
27 1558
2380 1559
31 1560
364 1561
2381 1562
2523 1563
2010 1564
1827 1565
2317 1566
140 1567
2316 1568
1896 1569
1963 1570
2442 1571
624 1572
2532 1573
1772 1574
2382 1575
2007 1576
1901 1577
652 1578
2403 1579
735 1580
1724 1581
1458 1582
1615 1583
296 1584
269 1585
169 1586
2491 1587
2071 1588
1878 1589
2383 1590
346 1591
730 1592
542 1593
656 1594
1541 1595
34 1596
2399 1597
623 1598
2348 1599
2133 1600
245 1601
2323 1602
1991 1603
308 1604
1888 1605
234 1606
419 1607
2520 1608
342 1609
2443 1610
2454 1611
1944 1612
241 1613
2003 1614
2093 1615
591 1616
689 1617
1747 1618
1459 1619
797 1620
815 1621
2201 1622
2282 1623
152 1624
2141 1625
2492 1626
2342 1627
15 1628
388 1629
1927 1630
287 1631
432 1632
2060 1633
408 1634
1837 1635
513 1636
498 1637
1929 1638
1833 1639
2461 1640
1986 1641
472 1642
2494 1643
519 1644
374 1645
1946 1646
489 1647
1869 1648
2365 1649
468 1650
1742 1651
580 1652
2021 1653
1743 1654
248 1655
1775 1656
1719 1657
1932 1658
1666 1659
1636 1660
358 1661
2361 1662
2128 1663
402 1664
2394 1665
2393 1666
704 1667
1594 1668
41 1669
239 1670
609 1671
1922 1672
1829 1673
641 1674
2090 1675
1926 1676
1947 1677
506 1678
1999 1679
1817 1680
1852 1681
1924 1682
688 1683
2186 1684
1907 1685
1694 1686
794 1687
2391 1688
1452 1689
357 1690
2402 1691
587 1692
1711 1693
595 1694
694 1695
1037 1696
2279 1697
1778 1698
1937 1699
1449 1700
547 1701
786 1702
721 1703
2498 1704
769 1705
736 1706
1531 1707
1423 1708
1479 1709
1894 1710
392 1711
2049 1712
437 1713
1630 1714
1380 1715
2333 1716
1845 1717
1334 1718
2086 1719
893 1720
2281 1721
1441 1722
1159 1723
1246 1724
147 1725
1122 1726
359 1727
262 1728
53 1729
2005 1730
2008 1731
397 1732
206 1733
293 1734
2016 1735
2034 1736
343 1737
168 1738
1910 1739
2534 1740
2070 1741
2496 1742
2107 1743
445 1744
142 1745
37 1746
602 1747
1769 1748
1689 1749
303 1750
1634 1751
614 1752
618 1753
2388 1754
1599 1755
1344 1756
865 1757
63 1758
62 1759
2320 1760
165 1761
174 1762
118 1763
368 1764
418 1765
1994 1766
2123 1767
145 1768
2075 1769
2400 1770
320 1771
321 1772
449 1773
199 1774
1935 1775
200 1776
2408 1777
2407 1778
1921 1779
2401 1780
2409 1781
45 1782
46 1783
1934 1784
29 1785
2321 1786
2259 1787
72 1788
209 1789
2119 1790
340 1791
2143 1792
270 1793
1805 1794
1989 1795
1925 1796
26 1797
1700 1798
1822 1799
2194 1800
12 1801
407 1802
348 1803
271 1804
2429 1805
434 1806
1961 1807
1723 1808
1982 1809
1885 1810
478 1811
459 1812
179 1813
1953 1814
1931 1815
1787 1816
48 1817
366 1818
582 1819
561 1820
2405 1821
137 1822
1950 1823
1396 1824
1637 1825
1013 1826
670 1827
1070 1828
222 1829
777 1830
406 1831
1533 1832
1085 1833
1529 1834
1428 1835
196 1836
95 1837
188 1838
148 1839
344 1840
351 1841
2038 1842
2124 1843
386 1844
2001 1845
428 1846
2122 1847
493 1848
1983 1849
1895 1850
1823 1851
1530 1852
728 1853
2050 1854
289 1855
235 1856
2120 1857
298 1858
353 1859
277 1860
1892 1861
2522 1862
93 1863
1933 1864
1909 1865
1920 1866
1886 1867
538 1868
1905 1869
2114 1870
1968 1871
2175 1872
2278 1873
2280 1874
1873 1875
1977 1876
2019 1877
552 1878
1795 1879
1785 1880
524 1881
598 1882
126 1883
155 1884
2223 1885
486 1886
2155 1887
2247 1888
1750 1889
610 1890
1867 1891
611 1892
628 1893
416 1894
1681 1895
1682 1896
659 1897
637 1898
113 1899
570 1900
1601 1901
663 1902
543 1903
544 1904
1605 1905
1633 1906
1962 1907
708 1908
1563 1909
1607 1910
706 1911
1553 1912
1488 1913
75 1914
1509 1915
78 1916
217 1917
510 1918
750 1919
1402 1920
830 1921
1661 1922
122 1923
2230 1924
1018 1925
1419 1926
2180 1927
1407 1928
361 1929
847 1930
584 1931
2499 1932
509 1933
531 1934
895 1935
1473 1936
823 1937
1220 1938
831 1939
1247 1940
1627 1941
1136 1942
937 1943
1002 1944
1350 1945
161 1946
230 1947
2530 1948
1354 1949
2446 1950
2184 1951
2448 1952
181 1953
2482 1954
1642 1955
1841 1956
2013 1957
1060 1958
1838 1959
2095 1960
6 1961
1426 1962
1046 1963
554 1964
311 1965
608 1966
1956 1967
1767 1968
1328 1969
1200 1970
1403 1971
600 1972
1160 1973
972 1974
2227 1975
17 1976
365 1977
363 1978
2398 1979
2224 1980
2439 1981
415 1982
1559 1983
44 1984
1707 1985
719 1986
7 1987
616 1988
1853 1989
528 1990
2036 1991
1504 1992
2037 1993
977 1994
484 1995
1052 1996
729 1997
742 1998
753 1999
569 2000
2416 2001
274 2002
2177 2003
2414 2004
97 2005
2076 2006
385 2007
382 2008
2097 2009
2245 2010
471 2011
380 2012
131 2013
2181 2014
360 2015
160 2016
1987 2017
2375 2018
2359 2019
2367 2020
1938 2021
2000 2022
490 2023
2371 2024
135 2025
681 2026
1930 2027
2020 2028
1385 2029
1234 2030
2269 2031
1671 2032
1114 2033
1225 2034
1692 2035
1913 2036
2412 2037
1716 2038
2373 2039
2490 2040
404 2041
2369 2042
1194 2043
124 2044
420 2045
1842 2046
2379 2047
111 2048
1893 2049
476 2050
232 2051
1631 2052
1543 2053
1556 2054
833 2055
1383 2056
2423 2057
723 2058
325 2059
530 2060
477 2061
2162 2062
440 2063
963 2064
2500 2065
714 2066
838 2067
604 2068
2117 2069
387 2070
2048 2071
250 2072
2068 2073
1872 2074
650 2075
1698 2076
302 2077
461 2078
2105 2079
1650 2080
1616 2081
2455 2082
2459 2083
2368 2084
425 2085
398 2086
65 2087
18 2088
545 2089
330 2090
464 2091
709 2092
2458 2093
2452 2094
2516 2095
1363 2096
2425 2097
68 2098
50 2099
2457 2100
110 2101
1646 2102
1614 2103
521 2104
210 2105
657 2106
2145 2107
536 2108
96 2109
2349 2110
1757 2111
2081 2112
220 2113
64 2114
1552 2115
1678 2116
1721 2117
1519 2118
642 2119
1911 2120
1548 2121
732 2122
1463 2123
455 2124
1516 2125
825 2126
1250 2127
2300 2128
173 2129
1579 2130
2428 2131
2179 2132
2073 2133
103 2134
2366 2135
2453 2136
565 2137
1824 2138
621 2139
1697 2140
2144 2141
1640 2142
2041 2143
1972 2144
1679 2145
703 2146
1738 2147
1542 2148
1314 2149
1503 2150
1899 2151
1244 2152
1539 2153
2096 2154
647 2155
1597 2156
499 2157
1401 2158
745 2159
1800 2160
904 2161
1208 2162
1023 2163
2298 2164
2174 2165
238 2166
2125 2167
2253 2168
2396 2169
226 2170
240 2171
2385 2172
2083 2173
2154 2174
114 2175
2082 2176
39 2177
42 2178
2192 2179
2084 2180
2226 2181
2297 2182
2055 2183
167 2184
1807 2185
2260 2186
2258 2187
522 2188
82 2189
444 2190
737 2191
759 2192
2356 2193
1525 2194
267 2195
2374 2196
2088 2197
2528 2198
2026 2199
446 2200
1526 2201
2065 2202
1079 2203
771 2204
1657 2205
2112 2206
775 2207
1321 2208
774 2209
1230 2210
1239 2211
1306 2212
896 2213
2 2214
1161 2215
177 2216
2390 2217
19 2218
16 2219
2067 2220
2489 2221
13 2222
2463 2223
375 2224
2257 2225
2387 2226
2389 2227
2397 2228
482 2229
143 2230
2484 2231
79 2232
2299 2233
1868 2234
573 2235
679 2236
1286 2237
1310 2238
1478 2239
1487 2240
807 2241
921 2242
903 2243
702 2244
1618 2245
700 2246
648 2247
1439 2248
966 2249
1154 2250
1676 2251
1156 2252
1056 2253
622 2254
2518 2255
726 2256
1980 2257
2424 2258
231 2259
1502 2260
1814 2261
576 2262
727 2263
581 2264
533 2265
1612 2266
2318 2267
10 2268
2047 2269
194 2270
2115 2271
2165 2272
2319 2273
2018 2274
304 2275
2493 2276
2308 2277
2352 2278
2351 2279
2350 2280
2346 2281
413 2282
1020 2283
180 2284
52 2285
2205 2286
2487 2287
1940 2288
159 2289
450 2290
399 2291
2222 2292
465 2293
290 2294
2417 2295
1919 2296
487 2297
504 2298
515 2299
500 2300
532 2301
195 2302
1828 2303
1816 2304
1850 2305
1810 2306
2058 2307
1796 2308
562 2309
1765 2310
2370 2311
578 2312
2006 2313
1714 2314
1710 2315
1706 2316
1677 2317
615 2318
625 2319
1655 2320
1635 2321
1632 2322
1087 2323
1609 2324
655 2325
2291 2326
660 2327
671 2328
675 2329
1610 2330
690 2331
698 2332
1587 2333
1621 2334
2293 2335
1730 2336
1491 2337
2504 2338
2502 2339
713 2340
1460 2341
2510 2342
756 2343
1466 2344
755 2345
2507 2346
1592 2347
1540 2348
780 2349
799 2350
1442 2351
747 2352
1464 2353
1427 2354
1537 2355
808 2356
1395 2357
1398 2358
990 2359
1490 2360
1413 2361
827 2362
1371 2363
497 2364
1399 2365
1378 2366
851 2367
849 2368
850 2369
1309 2370
770 2371
1325 2372
1360 2373
1394 2374
1300 2375
856 2376
857 2377
1538 2378
1275 2379
1266 2380
877 2381
1257 2382
1277 2383
1432 2384
1215 2385
919 2386
922 2387
868 2388
853 2389
1202 2390
1173 2391
1188 2392
1175 2393
950 2394
1184 2395
1289 2396
1144 2397
1167 2398
1126 2399
1187 2400
964 2401
971 2402
948 2403
930 2404
1141 2405
973 2406
956 2407
1106 2408
1120 2409
525 2410
264 2411
653 2412
1039 2413
1061 2414
674 2415
1629 2416
914 2417
1186 2418
69 2419
2467 2420
2315 2421
2533 2422
33 2423
2432 2424
67 2425
2272 2426
2384 2427
36 2428
98 2429
112 2430
73 2431
24 2432
106 2433
101 2434
2466 2435
635 2436
501 2437
1042 2438
999 2439
1001 2440
1025 2441
822 2442
1425 2443
1329 2444
819 2445
191 2446
182 2447
2475 2448
125 2449
2183 2450
2276 2451
505 2452
1728 2453
1578 2454
405 2455
1722 2456
855 2457
1243 2458
701 2459
219 2460
263 2461
154 2462
2338 2463
462 2464
2189 2465
2314 2466
2193 2467
2188 2468
463 2469
1890 2470
1889 2471
1475 2472
1859 2473
677 2474
2335 2475
14 2476
687 2477
1510 2478
1448 2479
1400 2480
1038 2481
913 2482
1388 2483
939 2484
951 2485
1168 2486
1163 2487
958 2488
1455 2489
967 2490
1035 2491
1119 2492
975 2493
1097 2494
1118 2495
858 2496
1191 2497
1134 2498
1100 2499
1115 2500
1108 2501
979 2502
1155 2503
945 2504
1861 2505
2197 2506
1369 2507
1338 2508
1467 2509
685 2510
817 2511
1228 2512
336 2513
2211 2514
2078 2515
2080 2516
1696 2517
1799 2518
1701 2519
1809 2520
1626 2521
915 2522
520 2523
2219 2524
423 2525
548 2526
1712 2527
2271 2528
601 2529
305 2530
448 2531
483 2532
2514 2533
480 2534
2364 2535
1998 2536
184 2537
259 2538
1557 2539
767 2540
2376 2541
2377 2542
60 2543
508 2544
372 2545
2228 2546
1898 2547
2091 2548
1472 2549
1768 2550
1866 2551
2022 2552
1958 2553
502 2554
557 2555
1801 2556
2126 2557
496 2558
1851 2559
1549 2560
1966 2561
1815 2562
588 2563
331 2564
38 2565
133 2566
812 2567
1781 2568
539 2569
1776 2570
2430 2571
2421 2572
2292 2573
805 2574
266 2575
2249 2576
734 2577
1644 2578
1536 2579
1547 2580
716 2581
1499 2582
765 2583
2262 2584
1410 2585
447 2586
1668 2587
1564 2588
1798 2589
988 2590
763 2591
1078 2592
1434 2593
1392 2594
1372 2595
1017 2596
1331 2597
1254 2598
894 2599
1051 2600
916 2601
1270 2602
1193 2603
1340 2604
1148 2605
818 2606
1375 2607
1387 2608
1313 2609
1014 2610
1264 2611
2213 2612
2214 2613
2045 2614
187 2615
2148 2616
2149 2617
541 2618
1751 2619
2137 2620
1517 2621
2139 2622
1469 2623
1820 2624
466 2625
760 2626
35 2627
1735 2628
1214 2629
829 2630
2531 2631
2497 2632
559 2633
1092 2634
301 2635
1073 2636
1569 2637
2503 2638
2347 2639
2203 2640
1574 2641
2152 2642
2136 2643
2283 2644
427 2645
1476 2646
70 2647
1882 2648
1628 2649
244 2650
1912 2651
711 2652
94 2653
1709 2654
1582 2655
1580 2656
1583 2657
796 2658
790 2659
1404 2660
885 2661
1335 2662
2304 2663
475 2664
2437 2665
1104 2666
1808 2667
1606 2668
1534 2669
1942 2670
2474 2671
2468 2672
2477 2673
2472 2674
2464 2675
2471 2676
2476 2677
9 2678
2473 2679
2469 2680
2465 2681
2404 2682
2479 2683
2470 2684
1567 2685
2433 2686
778 2687
1248 2688
1174 2689
862 2690
646 2691
2033 2692
89 2693
2422 2694
2395 2695
2275 2696
2127 2697
170 2698
2241 2699
2238 2700
2234 2701
2237 2702
2312 2703
2235 2704
2231 2705
2236 2706
2163 2707
56 2708
1773 2709
185 2710
1082 2711
632 2712
1555 2713
1575 2714
1302 2715
787 2716
1494 2717
201 2718
1786 2719
1759 2720
1718 2721
1680 2722
654 2723
686 2724
607 2725
803 2726
1312 2727
1339 2728
1366 2729
1164 2730
2187 2731
1988 2732
586 2733
558 2734
757 2735
1284 2736
2440 2737
813 2738
1870 2739
151 2740
613 2741
77 2742
936 2743
276 2744
275 2745
1332 2746
2426 2747
1462 2748
1176 2749
356 2750
2044 2751
1027 2752
1881 2753
828 2754
2030 2755
841 2756
172 2757
1433 2758
2511 2759
22 2760
612 2761
1064 2762
1295 2763
1674 2764
991 2765
2354 2766
551 2767
47 2768
2325 2769
2449 2770
2508 2771
1589 2772
1622 2773
1361 2774
441 2775
202 2776
2285 2777
2358 2778
25 2779
1884 2780
593 2781
651 2782
1955 2783
592 2784
61 2785
1506 2786
256 2787
2328 2788
224 2789
1444 2790
1699 2791
2059 2792
1054 2793
821 2794
733 2795
577 2796
1571 2797
1267 2798
1048 2799
1241 2800
1210 2801
1229 2802
1276 2803
1180 2804
1162 2805
1065 2806
144 2807
1088 2808
1183 2809
1117 2810
2085 2811
252 2812
2506 2813
1207 2814
2512 2815
1588 2816
1170 2817
1417 2818
662 2819
453 2820
108 2821
1908 2822
2296 2823
233 2824
485 2825
332 2826
495 2827
2102 2828
436 2829
2111 2830
2104 2831
391 2832
1105 2833
634 2834
288 2835
1326 2836
2140 2837
1511 2838
1145 2839
1586 2840
21 2841
306 2842
2266 2843
1279 2844
715 2845
2092 2846
968 2847
717 2848
86 2849
84 2850
2331 2851
1012 2852
1619 2853
1201 2854
1450 2855
1420 2856
1341 2857
901 2858
880 2859
1223 2860
1213 2861
1224 2862
910 2863
1004 2864
1209 2865
943 2866
942 2867
902 2868
1190 2869
952 2870
852 2871
1146 2872
947 2873
1138 2874
955 2875
1140 2876
764 2877
929 2878
1130 2879
1101 2880
1137 2881
1256 2882
1255 2883
1282 2884
1384 2885
1296 2886
2268 2887
229 2888
20 2889
1690 2890
2305 2891
1493 2892
1643 2893
1237 2894
335 2895
1268 2896
1222 2897
2207 2898
2337 2899
1280 2900
115 2901
1664 2902
1030 2903
1501 2904
2340 2905
606 2906
1739 2907
1520 2908
2040 2909
310 2910
672 2911
2327 2912
1071 2913
986 2914
1063 2915
1330 2916
291 2917
1948 2918
2195 2919
228 2920
1508 2921
2166 2922
1691 2923
2218 2924
710 2925
417 2926
81 2927
83 2928
2108 2929
1916 2930
1917 2931
1142 2932
1471 2933
1465 2934
503 2935
1568 2936
837 2937
1165 2938
1076 2939
1904 2940
1902 2941
2362 2942
1996 2943
1359 2944
396 2945
523 2946
779 2947
1192 2948
1461 2949
1379 2950
2225 2951
66 2952
2336 2953
2198 2954
1240 2955
223 2956
1562 2957
1613 2958
1590 2959
1764 2960
389 2961
203 2962
2270 2963
2344 2964
215 2965
781 2966
1903 2967
996 2968
2240 2969
617 2970
1297 2971
668 2972
1791 2973
2501 2974
1069 2975
1617 2976
1287 2977
1954 2978
2524 2979
1377 2980
992 2981
940 2982
1784 2983
1132 2984
1252 2985
867 2986
1198 2987
2246 2988
2438 2989
1939 2990
2248 2991
1424 2992
2106 2993
451 2994
3 2995
1596 2996
1732 2997
2529 2998
171 2999
1551 3000
1418 3001
2330 3002
59 3003
2406 3004
2054 3005
2079 3006
1883 3007
507 3008
1915 3009
1585 3010
2173 3011
2286 3012
2521 3013
2431 3014
166 3015
74 3016
323 3017
409 3018
1964 3019
1811 3020
2261 3021
772 3022
2015 3023
640 3024
682 3025
575 3026
1535 3027
162 3028
1351 3029
2509 3030
1291 3031
1010 3032
881 3033
1263 3034
1189 3035
1049 3036
1281 3037
840 3038
1343 3039
891 3040
1333 3041
286 3042
2014 3043
2042 3044
257 3045
744 3046
746 3047
1393 3048
1554 3049
1197 3050
908 3051
961 3052
1133 3053
1099 3054
1153 3055
1077 3056
1147 3057
90 3058
88 3059
1733 3060
1731 3061
758 3062
1623 3063
886 3064
1290 3065
1315 3066
1897 3067
594 3068
959 3069
567 3070
1518 3071
782 3072
2199 3073
872 3074
2210 3075
99 3076
1304 3077
784 3078
768 3079
1468 3080
1453 3081
1430 3082
1457 3083
801 3084
1435 3085
798 3086
1016 3087
1416 3088
1429 3089
810 3090
1390 3091
1357 3092
1365 3093
824 3094
820 3095
1408 3096
1123 3097
871 3098
1356 3099
1349 3100
1669 3101
1307 3102
1169 3103
789 3104
1409 3105
661 3106
869 3107
691 3108
1075 3109
1124 3110
982 3111
2233 3112
1006 3113
665 3114
1316 3115
1181 3116
1182 3117
2418 3118
393 3119
2295 3120
2313 3121
208 3122
2215 3123
2017 3124
261 3125
337 3126
1317 3127
995 3128
1238 3129
1576 3130
2515 3131
1477 3132
1591 3133
1864 3134
2310 3135
2134 3136
1978 3137
369 3138
2113 3139
127 3140
1521 3141
1128 3142
997 3143
349 3144
2256 3145
2517 3146
739 3147
312 3148
791 3149
1960 3150
906 3151
109 3152
2339 3153
2341 3154
1050 3155
909 3156
965 3157
1068 3158
1093 3159
2345 3160
2488 3161
1024 3162
1528 3163
1584 3164
1036 3165
1368 3166
1624 3167
2462 3168
1355 3169
2100 3170
1370 3171
430 3172
355 3173
1293 3174
1008 3175
924 3176
71 3177
149 3178
722 3179
2513 3180
1545 3181
2436 3182
1496 3183
1836 3184
1470 3185
2032 3186
354 3187
76 3188
204 3189
2098 3190
285 3191
280 3192
443 3193
1298 3194
751 3195
1522 3196
1103 3197
1102 3198
1283 3199
1274 3200
933 3201
776 3202
281 3203
278 3204
282 3205
2212 3206
2204 3207
284 3208
1771 3209
583 3210
2064 3211
861 3212
1253 3213
1524 3214
683 3215
192 3216
2288 3217
178 3218
116 3219
1984 3220
540 3221
720 3222
2216 3223
2434 3224
1500 3225
1844 3226
1062 3227
1299 3228
87 3229
1125 3230
667 3231
864 3232
334 3233
1149 3234
454 3235
1834 3236
926 3237
1688 3238
1301 3239
2209 3240
279 3241
892 3242
899 3243
898 3244
1288 3245
1098 3246
1251 3247
2263 3248
1780 3249
1127 3250
876 3251
946 3252
860 3253
980 3254
1212 3255
1196 3256
931 3257
993 3258
932 3259
1577 3260
1492 3261
1336 3262
1080 3263
783 3264
693 3265
1319 3266
2274 3267
255 3268
452 3269
1089 3270
1249 3271
888 3272
1233 3273
1227 3274
1139 3275
1152 3276
974 3277
1113 3278
5 3279
1058 3280
2355 3281
1195 3282
843 3283
2460 3284
2161 3285
190 3286
2324 3287
984 3288
835 3289
1406 3290
1273 3291
809 3292
1205 3293
1166 3294
1000 3295
1026 3296
1206 3297
1185 3298
1032 3299
2153 3300
2164 3301
411 3302
2116 3303
412 3304
2118 3305
1352 3306
1323 3307
1763 3308
488 3309
1483 3310
795 3311
1345 3312
514 3313
1022 3314
1015 3315
1226 3316
1259 3317
1667 3318
2232 3319
2250 3320
2251 3321
2392 3322
117 3323
55 3324
422 3325
1405 3326
1019 3327
889 3328
1411 3329
189 3330
80 3331
1034 3332
1131 3333
2334 3334
1659 3335
1431 3336
806 3337
1041 3338
994 3339
989 3340
925 3341
153 3342
907 3343
2191 3344
307 3345
1527 3346
1067 3347
1346 3348
1347 3349
938 3350
1308 3351
1235 3352
848 3353
1110 3354
1112 3355
1129 3356
1454 3357
1121 3358
1514 3359
1044 3360
1770 3361
1857 3362
2445 3363
150 3364
2353 3365
2357 3366
1055 3367
1109 3368
1746 3369
1217 3370
1936 3371
749 3372
941 3373
1043 3374
2309 3375
1096 3376
1178 3377
905 3378
743 3379
740 3380
741 3381
1376 3382
1066 3383
1353 3384
1337 3385
631 3386
1744 3387
283 3388
1957 3389
2303 3390
247 3391
246 3392
253 3393
254 3394
1204 3395
918 3396
1111 3397
884 3398
912 3399
1177 3400
954 3401
839 3402
2156 3403
2435 3404
957 3405
2220 3406
1091 3407
534 3408
2229 3409
725 3410
2221 3411
1028 3412
2239 3413
1272 3414
844 3415
2062 3416
890 3417
120 3418
2413 3419
998 3420
1271 3421
1203 3422
560 3423
1367 3424
1009 3425
352 3426
2157 3427
1581 3428
1414 3429
1421 3430
92 3431
1057 3432
859 3433
1245 3434
1794 3435
2130 3436
119 3437
260 3438
1007 3439
802 3440
251 3441
935 3442
2254 3443
8 3444
1045 3445
897 3446
258 3447
2284 3448
1382 3449
1278 3450
1171 3451
2329 3452
845 3453
1758 3454
1625 3455
1713 3456
792 3457
1318 3458
2206 3459
1053 3460
1095 3461
214 3462
1294 3463
1342 3464
1135 3465
1311 3466
949 3467
1040 3468
911 3469
1047 3470
1074 3471
1381 3472
2056 3473
1777 3474
1498 3475
1216 3476
1482 3477
1327 3478
414 3479
1952 3480
863 3481
158 3482
1172 3483
1412 3484
1260 3485
1802 3486
842 3487
438 3488
2158 3489
1303 3490
1211 3491
878 3492
1265 3493
1143 3494
2002 3495
1362 3496
1094 3497
976 3498
981 3499
873 3500
927 3501
962 3502
887 3503
960 3504
1443 3505
1285 3506
1231 3507
1761 3508
1269 3509
1083 3510
985 3511
1116 3512
970 3513
1107 3514
1157 3515
638 3516
1620 3517
934 3518
969 3519
1199 3520
309 3521
1151 3522
1031 3523
1570 3524
953 3525
987 3526
2505 3527
1422 3528
692 3529
983 3530
978 3531
1322 3532
923 3533
875 3534
814 3535
